0.0 44
0.1 44
0.2 45
0.3 32
0.4 44
0.5 44
0.6 45
0.7 43
0.8 44
0.9 44
1.0 44
1.1 45
1.2 44
1.3 44
1.4 45
1.5 44
1.6 45
1.7 44
1.8 44
1.9 45
2.0 44
2.1 44
2.2 45
2.3 44
2.4 44
2.5 44
2.6 45
2.7 44
2.8 44
2.9 44
3.0 45
3.1 44
3.2 45
3.3 43
3.4 45
3.5 44
3.6 44
3.7 44
3.8 45
3.9 43
4.0 45
4.1 44
4.2 45
4.3 44
4.4 44
4.5 44
4.6 45
4.7 44
4.8 44
4.9 44
5.0 45
5.1 44
5.2 44
5.3 39
5.4 44
5.5 44
5.6 44
5.7 44
5.8 45
5.9 44
6.0 44
6.1 44
6.2 45
6.3 44
6.4 44
6.5 45
6.6 44
6.7 44
6.8 45
6.9 44
7.0 44
7.1 44
7.2 45
7.3 44
7.4 44
7.5 45
7.6 44
7.7 44
7.8 44
7.9 44
8.0 45
8.1 44
8.2 44
8.3 44
8.4 45
8.5 44
8.6 44
8.7 44
8.8 44
8.9 44
9.0 41
9.1 39
9.2 28
9.3 4
9.4 5
9.5 4
9.6 2
9.7 5
9.8 3
9.9 4
10.3 2
10.4 5
10.6 2
10.7 3
10.8 5
10.9 2
11.5 3
11.6 3
11.7 5
11.8 4
11.9 3
12.0 7
12.1 2
12.2 3
12.3 5
12.4 6
12.5 5
12.6 5
12.7 1
12.8 4
12.9 5
13.0 5
13.1 5
13.2 6
13.3 5
13.5 5
13.6 5
13.7 5
13.8 6
13.9 5
14.1 5
14.2 5
14.3 5
14.4 5
14.5 5
14.6 5
14.8 5
14.9 6
15.0 5
15.1 5
15.2 5
15.4 6
15.5 5
15.6 5
15.7 5
15.8 5
15.9 4
16.0 1
16.1 5
16.2 6
16.3 5
16.4 5
16.5 5
16.6 1
16.7 5
16.8 5
16.9 5
17.0 5
17.1 5
17.2 1
17.3 5
17.4 5
17.5 5
17.6 5
17.7 6
17.9 5
18.0 5
18.1 5
18.2 5
18.3 6
18.4 5
18.6 5
18.7 5
18.8 6
18.9 4
19.0 5
19.1 2
19.2 7
19.4 5
19.5 7
19.6 2
19.7 5
19.8 7
19.9 5
20.1 5
20.2 5
20.3 5
20.4 6
20.5 5
20.6 1
20.7 4
20.8 5
20.9 5
21.0 4
21.1 4
21.2 4
21.3 5
21.4 5
21.5 4
21.6 5
21.7 5
21.8 1
21.9 4
22.0 6
22.1 5
22.2 5
22.3 5
22.4 5
22.6 5
22.7 5
22.8 3
22.9 5
23.0 6
23.1 5
23.2 5
23.3 5
23.5 5
23.6 5
23.7 3
23.8 7
23.9 5
24.1 5
24.2 5
24.3 5
24.4 4
24.5 5
24.6 4
24.7 4
24.8 4
24.9 5
25.4 2
25.5 5
25.6 4
25.7 5
25.8 5
25.9 5
26.0 5
26.1 2
26.2 3
26.3 5
26.4 6
26.5 5
26.6 5
26.7 2
26.8 3
26.9 5
27.0 5
27.1 5
27.2 4
27.6 2
27.7 5
27.8 4
27.9 5
28.0 4
28.1 5
28.2 3
28.3 5
28.4 6
28.5 5
28.6 3
28.7 2
28.8 5
28.9 5
29.0 5
29.1 5
29.2 4
29.3 3
29.4 4
29.5 5
29.6 4
29.7 4
29.8 4
29.9 8
30.1 6
30.2 4
30.3 5
30.5 5
30.6 7
30.7 5
30.8 3
30.9 8
31.1 5
31.2 5
31.3 5
31.5 8
31.6 3
31.7 2
31.8 6
31.9 5
32.0 5
32.1 5
32.2 3
32.3 3
32.4 5
32.5 5
32.6 5
32.7 6
32.8 5
33.0 5
33.1 5
33.2 5
33.3 5
33.4 6
33.5 4
33.6 1
33.7 5
33.8 6
33.9 5
34.1 4
34.2 5
34.3 5
34.4 5
34.5 6
34.6 5
34.8 5
34.9 5
35.0 5
35.1 5
35.2 5
35.4 5
35.5 5
35.6 5
35.7 5
35.8 5
35.9 6
36.1 4
36.2 6
36.3 5
36.4 5
36.5 5
36.6 5
36.8 6
36.9 5
37.0 5
37.1 5
37.2 5
37.3 1
37.4 4
37.5 6
37.6 5
37.7 5
37.8 5
37.9 1
38.0 5
38.1 5
38.2 5
38.3 5
38.4 5
38.5 1
38.6 4
38.7 6
38.8 5
38.9 5
39.0 6
39.1 5
39.3 5
39.4 5
39.5 5
39.6 6
39.7 3
39.8 2
39.9 8
40.0 1
40.1 4
40.2 6
40.3 5
40.4 5
40.5 5
40.7 5
40.8 5
40.9 6
41.0 5
41.1 5
41.3 5
41.4 5
41.5 6
41.6 5
41.7 4
41.8 5
41.9 5
42.0 4
42.2 6
42.3 4
42.4 4
42.5 5
42.6 5
42.7 6
42.8 4
42.9 4
43.1 7
43.2 6
43.4 5
43.5 5
43.6 5
43.7 6
43.8 5
44.0 5
44.1 5
44.2 5
44.3 6
44.4 5
44.5 3
44.6 2
44.7 5
44.8 6
44.9 5
45.0 5
45.1 3
45.2 2
45.3 5
45.4 6
45.5 5
45.6 5
45.7 3
45.8 2
45.9 5
46.0 5
46.1 5
46.2 5
46.3 6
46.4 4
46.5 1
46.6 5
46.7 5
46.8 5
46.9 5
47.0 4
47.1 2
47.2 5
47.3 5
47.4 5
47.5 5
47.6 5
47.8 5
47.9 6
48.0 5
48.1 5
48.2 5
48.3 5
48.5 6
48.6 5
48.7 5
48.8 5
48.9 5
49.1 5
49.2 3
49.3 6
49.4 5
49.5 3
49.6 4
49.7 3
49.8 4
49.9 2
50.0 4
50.1 5
50.2 5
50.6 7
50.7 2
50.8 5
50.9 4
51.0 5
51.1 2
51.2 8
51.3 4
51.4 2
51.5 3
51.6 5
51.7 5
51.8 4
51.9 5
52.0 4
52.1 5
52.2 5
52.3 4
52.4 5
52.5 5
52.6 4
52.7 5
52.8 4
52.9 5
53.0 4
53.1 5
53.2 4
53.3 5
53.4 4
53.5 1
53.6 5
53.7 4
53.8 5
53.9 4
54.0 5
54.1 4
54.2 5
54.3 5
54.4 4
54.5 5
54.6 4
54.7 5
54.8 5
54.9 4
55.0 5
55.1 5
55.3 5
55.4 5
55.5 6
55.6 5
55.7 5
55.8 3
55.9 2
56.0 4
56.1 5
56.2 4
56.3 5
56.4 5
56.5 4
56.6 5
56.7 4
56.8 5
56.9 4
57.0 5
57.1 5
57.2 4
57.3 5
57.4 4
57.5 5
57.6 4
57.7 5
57.8 4
57.9 5
58.0 4
58.1 2
58.2 5
58.3 3
58.4 4
58.5 5
58.6 5
58.7 5
58.8 6
58.9 5
59.0 4
59.1 5
59.2 4
59.3 1
59.4 5
59.5 5
59.6 5
59.7 5
59.8 6
60.0 5
60.1 5
60.2 5
60.3 5
60.4 6
60.5 5
60.7 5
60.8 5
60.9 6
61.0 5
61.1 5
61.3 5
61.4 5
61.5 5
61.6 6
61.7 5
61.8 2
61.9 3
62.0 5
62.1 6
62.2 5
62.3 5
62.4 2
62.5 3
62.6 5
62.7 6
62.8 5
62.9 5
63.0 5
63.2 6
63.3 5
63.4 5
63.5 5
63.6 5
63.8 6
63.9 5
64.0 5
64.1 5
64.2 5
64.3 3
64.4 2
64.5 6
64.6 5
64.7 5
64.8 5
64.9 3
65.0 2
65.1 6
65.2 5
65.3 5
65.4 5
65.5 5
65.6 4
65.7 1
65.8 6
65.9 5
66.0 5
66.1 5
66.2 4
66.3 2
66.4 5
66.5 5
66.6 5
66.7 5
66.8 6
67.0 5
67.1 5
67.2 5
67.3 6
67.4 5
67.6 5
67.7 5
67.8 5
67.9 5
68.0 6
68.1 4
68.2 1
68.3 5
68.4 5
68.5 5
68.6 6
68.7 4
68.8 1
68.9 5
69.0 5
69.1 6
69.2 5
69.3 4
69.4 1
69.5 5
69.6 5
69.7 5
69.8 3
69.9 5
70.0 4
70.1 5
70.2 5
70.3 3
70.4 5
70.5 2
70.6 4
70.7 5
70.8 4
70.9 4
71.0 4
71.1 5
71.2 5
71.3 6
71.4 4
71.5 5
71.6 4
71.7 2
71.8 5
71.9 5
72.0 5
72.1 5
72.3 4
72.4 9
72.6 5
72.7 5
72.8 5
72.9 5
73.0 5
73.1 5
73.3 5
73.4 5
73.5 3
73.6 4
73.7 5
73.8 6
73.9 2
74.0 5
74.2 3
74.3 4
74.4 5
74.5 5
74.6 5
74.7 5
74.8 6
74.9 1
75.0 4
75.1 5
75.2 5
75.3 6
75.4 5
75.5 1
75.6 4
75.7 5
75.8 6
75.9 5
76.0 5
76.1 1
76.2 5
76.3 5
76.4 5
76.5 5
76.6 6
76.7 1
76.8 4
76.9 5
77.0 5
77.1 6
77.2 5
77.3 5
77.5 5
77.6 6
77.7 5
77.8 5
77.9 5
78.1 6
78.2 5
78.3 5
78.4 5
78.5 5
78.7 6
78.8 5
78.9 5
79.0 6
79.1 5
79.3 5
79.4 5
79.5 6
79.6 5
79.7 5
79.9 7
80.0 3
80.1 6
80.2 5
80.3 5
80.5 6
80.6 5
80.7 5
80.8 5
80.9 6
81.1 5
81.2 5
81.3 6
81.4 5
81.5 5
81.6 1
81.7 4
81.8 5
81.9 6
82.0 5
82.1 5
82.2 1
82.3 4
82.4 6
82.5 5
82.6 5
82.7 5
82.8 1
82.9 4
83.0 6
83.1 5
83.2 5
83.3 6
83.4 5
83.6 5
83.7 5
83.8 5
83.9 6
84.0 5
84.2 5
84.3 5
84.4 5
84.5 6
84.6 5
84.7 2
84.8 3
84.9 5
85.0 5
85.1 5
85.2 6
85.3 2
85.4 3
85.5 5
85.6 6
85.7 5
85.8 5
85.9 5
86.1 5
86.2 6
86.3 5
86.4 5
86.5 6
86.7 5
86.8 5
86.9 5
87.0 5
87.1 6
87.3 5
87.4 5
87.5 5
87.6 6
87.7 5
87.8 3
87.9 2
88.0 5
88.1 5
88.2 5
88.3 6
88.4 5
88.6 5
88.7 5
88.8 6
88.9 5
89.0 5
89.2 5
89.3 7
89.4 5
89.5 1
89.6 4
89.7 6
89.8 5
89.9 5
90.0 5
90.1 2
90.2 3
90.3 6
90.4 5
90.5 5
90.6 5
90.7 2
90.8 4
90.9 5
91.0 5
91.1 5
91.2 5
91.3 5
91.5 5
91.6 6
91.7 5
91.8 5
91.9 5
92.1 6
92.2 5
92.3 5
92.4 5
92.5 6
92.7 5
92.8 5
92.9 6
93.0 5
93.1 5
93.3 5
93.4 6
93.5 5
93.6 5
93.7 5
93.8 3
93.9 2
94.0 6
94.1 5
94.2 5
94.3 6
94.4 2
94.5 3
94.6 5
94.7 5
94.8 5
94.9 6
95.0 2
95.1 3
95.2 5
95.3 6
95.4 5
95.5 5
95.6 2
95.7 3
95.8 5
95.9 6
96.0 5
96.1 5
96.2 5
96.4 6
96.5 5
96.6 5
96.7 5
96.8 5
97.0 6
97.1 5
97.2 5
97.3 5
97.4 6
97.5 2
97.6 3
97.7 5
97.8 5
97.9 6
98.0 5
98.1 2
98.2 3
98.3 3
98.4 6
98.5 5
98.6 5
98.7 2
98.8 3
98.9 5
99.0 6
99.1 5
99.2 5
99.3 2
99.4 3
99.5 5
99.6 4
99.7 5
99.8 5
99.9 6
100.0 5
100.1 5
100.3 5
100.4 6
100.5 5
100.6 5
100.7 5
100.8 1
100.9 5
101.0 5
101.1 5
101.2 19
101.3 44
101.4 45
101.5 44
101.6 44
101.7 44
101.8 45
101.9 44
102.0 39
102.1 44
102.2 43
102.3 45
102.4 44
102.5 45
102.6 44
102.7 45
102.8 44
102.9 44
103.0 45
103.1 44
103.2 44
103.3 45
103.4 44
103.5 8
103.6 37
103.7 27
103.8 45
103.9 44
104.0 45
104.1 44
104.2 45
104.3 45
104.4 44
104.5 45
104.6 44
104.7 45
104.8 44
104.9 44
105.0 45
105.1 45
105.2 44
105.3 45
105.4 44
105.5 45
105.6 45
105.7 44
105.8 44
105.9 44
106.0 44
106.1 44
106.2 45
106.3 44
106.4 45
106.5 44
106.6 45
106.7 44
106.8 45
106.9 44
107.0 45
107.1 44
107.2 45
107.3 44
107.4 45
107.5 44
107.6 45
107.7 44
107.8 45
107.9 43
108.0 45
108.1 43
108.2 30
108.3 6
108.5 5
108.6 5
108.7 5
108.8 6
108.9 4
109.1 5
109.2 5
109.3 5
109.4 6
109.6 5
109.7 5
109.8 5
109.9 6
110.0 5
110.2 5
110.3 5
110.4 5
110.5 6
110.6 5
110.7 5
110.9 5
111.0 6
111.1 5
111.2 5
111.3 5
111.5 6
111.6 5
111.7 5
111.8 6
111.9 4
112.0 1
112.1 5
112.2 5
112.3 5
112.4 6
112.5 4
112.6 1
112.7 5
112.8 5
112.9 6
113.0 5
113.1 5
113.2 1
113.3 4
113.4 5
113.5 6
113.6 5
113.7 5
113.8 1
113.9 5
114.0 5
114.1 5
114.2 5
114.3 5
114.4 1
114.5 5
114.6 5
114.7 5
114.8 6
114.9 4
115.0 6
115.2 5
115.3 5
115.4 5
115.5 5
115.6 6
115.8 5
115.9 5
116.0 5
116.1 6
116.2 5
116.4 5
116.5 5
116.6 6
116.7 5
116.8 5
117.0 6
117.1 5
117.2 5
117.3 5
117.4 6
117.6 5
117.7 5
117.8 5
117.9 6
118.0 5
118.2 5
118.3 5
118.4 6
118.5 5
118.6 5
118.8 5
118.9 6
119.0 5
119.1 3
119.2 6
119.3 5
119.4 5
119.6 5
119.7 5
119.8 6
119.9 5
120.0 5
120.2 5
120.3 6
120.4 5
120.5 5
120.6 5
120.8 5
120.9 5
121.0 6
121.1 5
121.2 5
121.3 5
121.4 1
121.5 5
121.6 5
121.7 5
121.8 5
121.9 5
122.0 1
122.1 5
122.2 5
122.3 5
122.4 6
122.5 5
122.7 5
122.8 6
122.9 5
123.0 5
123.1 5
123.2 1
123.3 4
123.4 5
123.5 5
123.6 6
123.7 5
123.8 5
124.0 5
124.1 5
124.2 6
124.3 5
124.4 5
124.5 3
124.6 2
124.7 6
124.8 5
124.9 5
125.0 5
125.1 3
125.2 3
125.3 5
125.4 5
125.5 5
125.6 6
125.7 2
125.8 3
125.9 5
126.0 6
126.1 5
126.2 5
126.3 2
126.4 3
126.5 5
126.6 5
126.7 6
126.8 5
126.9 5
127.1 6
127.2 5
127.3 5
127.5 5
127.6 5
127.7 6
127.8 5
127.9 2
128.0 7
128.2 5
128.3 5
128.4 5
128.5 6
128.6 5
128.8 5
128.9 5
129.0 6
129.1 5
129.2 5
129.3 2
129.4 3
129.5 5
129.6 6
129.7 5
129.8 5
129.9 2
130.0 3
130.1 5
130.2 5
130.3 5
130.4 2
130.5 4
130.6 6
130.7 5
130.8 5
131.0 5
131.1 5
131.2 6
131.3 5
131.4 5
131.5 3
131.6 2
131.7 4
131.8 4
131.9 5
132.0 4
132.1 6
132.2 2
132.3 5
132.4 4
132.5 5
132.6 6
132.7 5
132.8 5
132.9 1
133.0 4
133.1 5
133.2 5
133.3 6
133.4 5
133.5 1
133.6 4
133.7 5
133.8 6
133.9 5
134.0 5
134.1 1
134.2 4
134.3 7
134.4 5
134.5 3
134.6 2
134.7 5
134.8 6
134.9 5
135.0 5
135.1 5
135.3 6
135.4 5
135.5 5
135.6 5
135.7 5
135.9 5
136.0 5
136.1 6
136.2 5
136.3 5
136.4 5
136.6 6
136.7 5
136.8 5
136.9 5
137.0 4
137.1 1
137.2 6
137.3 5
137.4 5
137.5 5
137.6 6
137.8 4
137.9 6
138.0 5
138.1 5
138.2 5
138.3 5
138.4 2
138.5 3
138.6 6
138.7 5
138.8 5
138.9 5
139.0 2
139.1 3
139.2 6
139.3 5
139.4 5
139.5 4
139.6 3
139.7 4
139.8 5
139.9 5
140.0 5
140.1 6
140.2 2
140.3 3
140.4 5
140.5 5
140.6 6
140.7 5
140.8 2
140.9 3
141.0 5
141.1 5
141.2 6
141.3 5
141.4 5
141.6 6
141.7 5
141.8 5
141.9 5
142.0 5
142.2 6
142.3 5
142.4 5
142.5 5
142.6 5
142.8 6
142.9 5
143.0 5
143.1 5
143.2 5
143.3 4
143.4 2
143.5 5
143.6 5
143.7 5
143.8 6
144.0 5
144.1 5
144.2 5
144.3 5
144.4 6
144.6 5
144.7 5
144.8 5
144.9 6
145.0 5
145.1 3
145.2 2
145.3 5
145.4 5
145.5 6
145.6 5
145.7 3
145.8 2
145.9 5
146.0 6
146.1 5
146.2 5
146.3 3
146.4 3
146.5 5
146.6 5
146.7 5
146.8 6
146.9 3
147.0 2
147.1 5
147.2 6
147.3 5
147.4 5
147.5 5
147.7 5
147.8 6
147.9 5
148.0 5
148.1 5
148.2 5
148.4 6
148.5 5
148.6 5
148.7 5
148.8 5
148.9 1
149.0 5
149.1 5
149.2 6
149.3 5
149.4 4
149.5 1
149.6 5
149.7 5
149.8 6
149.9 5
150.0 3
150.1 7
150.3 5
150.4 5
150.5 5
150.6 6
150.7 5
150.9 5
151.0 5
151.1 6
151.2 5
151.3 5
151.5 5
151.6 6
151.7 5
151.8 5
151.9 5
152.1 6
152.2 5
152.3 4
152.4 6
152.5 5
152.6 5
152.8 5
152.9 5
153.0 5
153.1 5
153.2 6
153.3 3
153.4 2
153.5 5
153.6 5
153.7 5
153.8 5
153.9 3
154.0 3
154.1 5
154.2 5
154.3 5
154.4 6
154.5 5
154.7 5
154.8 6
154.9 5
155.0 4
155.1 5
155.2 3
155.3 4
155.4 3
155.5 4
155.6 4
155.7 5
155.8 5
155.9 5
156.0 6
156.1 2
156.2 5
156.3 3
156.4 3
156.5 5
156.6 5
156.7 6
156.8 5
156.9 2
157.0 3
157.1 5
157.2 6
157.3 5
157.4 5
157.5 2
157.6 3
157.7 6
157.8 5
157.9 5
158.0 5
158.1 5
158.3 5
158.4 6
158.5 3
158.6 5
158.7 5
158.9 6
159.0 5
159.1 5
159.2 5
159.3 4
159.4 5
159.5 1
159.6 4
159.7 6
159.8 5
159.9 5
160.0 5
160.1 1
160.2 5
160.3 5
160.4 5
160.5 5
160.6 6
160.8 5
160.9 5
161.0 6
161.1 5
161.2 5
161.3 5
161.5 5
161.6 5
161.7 6
161.8 5
161.9 5
162.1 7
162.2 2
162.3 5
162.4 6
162.6 5
162.7 5
162.8 5
162.9 2
163.0 5
163.1 6
163.2 5
163.3 5
163.4 4
163.5 2
163.6 4
163.7 6
163.8 5
163.9 5
164.0 5
164.1 1
164.2 5
164.3 5
164.4 5
164.5 5
164.7 6
164.8 4
164.9 5
165.0 6
165.1 5
165.2 5
165.3 5
165.5 5
165.6 6
165.7 5
165.8 5
165.9 5
166.0 2
166.1 3
166.2 6
166.3 5
166.4 5
166.5 5
166.6 1
166.7 8
166.9 5
167.0 6
167.1 5
167.2 5
167.3 5
167.5 6
167.6 5
167.7 5
167.8 5
167.9 6
168.1 5
168.2 5
168.3 5
168.4 6
168.5 5
168.7 5
168.8 5
168.9 6
169.0 5
169.1 5
169.3 5
169.4 6
169.5 4
169.6 5
169.7 4
169.8 5
169.9 5
170.0 5
170.2 6
170.3 5
170.4 5
170.5 5
170.6 6
170.7 4
170.8 1
170.9 5
171.0 5
171.1 5
171.2 6
171.3 4
171.4 1
171.5 5
171.6 6
171.7 5
171.8 5
171.9 4
172.0 1
172.1 5
172.2 26
172.3 44
172.4 45
172.5 44
172.6 44
172.7 44
172.8 44
172.9 44
173.0 44
173.1 44
173.2 44
173.3 45
173.4 44
173.5 44
173.6 44
173.7 45
173.8 44
173.9 37
174.0 44
174.1 45
174.2 44
174.3 45
174.4 44
174.5 39
174.6 45
174.7 44
174.8 44
174.9 41
175.0 42
175.1 44
175.2 44
175.3 45
175.4 44
175.5 44
175.6 45
175.7 44
175.8 44
175.9 44
176.0 45
176.1 44
176.2 44
176.3 45
176.4 44
176.5 44
176.6 45
176.7 44
176.8 44
176.9 44
177.0 44
177.1 45
177.2 44
177.3 44
177.4 45
177.5 44
177.6 44
177.7 45
177.8 44
177.9 44
178.0 44
178.1 44
178.2 44
178.3 45
178.4 44
178.5 44
178.6 45
178.7 44
178.8 44
178.9 44
179.0 45
179.1 44
179.2 44
179.3 45
179.4 44
179.5 44
179.6 44
179.7 45
179.8 31
179.9 25
180.0 26
180.1 33
180.2 45
180.3 44
180.4 44
180.5 45
180.6 44
180.7 44
180.8 44
180.9 44
181.0 44
181.1 45
181.2 32
181.4 5
181.5 5
181.6 5
181.7 6
181.8 5
181.9 3
182.0 2
182.1 5
182.2 5
182.3 6
182.4 5
182.5 3
182.6 2
182.7 6
182.8 5
182.9 5
183.0 5
183.1 3
183.2 2
183.3 5
183.4 5
183.5 6
183.6 5
183.7 5
183.9 5
184.0 5
184.1 6
184.2 5
184.3 5
184.5 5
184.6 6
184.7 5
184.8 5
184.9 5
185.0 4
185.1 1
185.2 6
185.3 5
185.4 5
185.5 5
185.6 4
185.7 2
185.8 5
185.9 5
186.0 5
186.1 5
186.2 4
186.3 2
186.4 5
186.5 5
186.6 6
186.7 5
186.8 5
187.0 5
187.1 5
187.2 6
187.3 5
187.4 5
187.6 5
187.7 6
187.8 5
187.9 5
188.0 5
188.1 5
188.3 5
188.4 6
188.5 5
188.6 5
188.7 4
188.8 1
188.9 5
189.0 6
189.1 5
189.2 5
189.3 5
189.5 5
189.6 4
189.7 5
189.8 5
189.9 3
190.0 7
190.1 4
190.2 2
190.3 7
190.4 5
190.6 5
190.7 6
190.8 5
190.9 4
191.0 2
191.1 3
191.2 4
191.3 5
191.4 4
191.5 5
191.6 6
191.7 4
191.8 5
191.9 5
192.2 3
192.3 6
192.4 4
192.6 8
192.7 5
192.9 5
193.0 5
193.1 5
193.2 5
193.3 6
193.4 1
193.5 4
193.6 5
193.8 7
194.0 5
194.1 5
194.2 5
194.3 6
194.4 3
194.5 2
194.6 5
194.7 5
194.8 6
194.9 5
195.0 5
195.2 5
195.3 5
195.4 6
195.5 5
195.6 5
195.8 5
195.9 6
196.0 5
196.1 5
196.2 5
196.3 5
196.4 1
196.5 5
196.6 5
196.7 5
196.8 6
196.9 4
197.0 1
197.1 5
197.2 5
197.3 5
197.4 5
197.5 5
197.6 1
197.7 6
197.8 3
197.9 5
198.0 5
198.1 5
198.2 6
198.3 2
198.4 3
198.5 5
198.6 6
198.7 5
198.8 5
198.9 2
199.0 3
199.1 5
199.2 6
199.3 5
199.4 3
199.5 3
199.6 4
199.7 5
199.8 5
199.9 6
200.3 1
200.4 4
200.5 3
200.6 5
200.7 4
200.8 5
200.9 2
201.0 1
201.2 5
201.3 5
201.4 5
201.5 5
201.7 5
201.8 6
201.9 5
202.0 5
202.1 5
202.2 1
202.3 5
202.4 5
202.5 5
202.6 5
202.7 6
202.8 1
202.9 4
203.0 5
203.1 5
203.2 6
203.3 5
203.4 1
203.5 4
203.6 5
203.7 5
203.8 6
203.9 5
204.0 5
204.2 5
204.3 6
204.4 5
204.5 5
204.6 5
204.8 6
204.9 5
205.0 5
205.1 5
205.2 5
205.4 6
205.5 5
205.6 5
205.7 5
205.8 6
206.0 5
206.1 5
206.2 5
206.3 6
206.4 5
206.5 2
206.6 3
206.7 5
206.8 6
206.9 5
207.0 5
207.1 2
207.2 3
207.3 5
207.4 6
207.5 5
207.6 5
207.7 2
207.8 3
207.9 5
208.0 6
208.1 5
208.2 5
208.3 5
208.5 6
208.6 5
208.7 5
208.8 6
208.9 5
209.1 5
209.2 5
209.3 5
209.4 6
209.5 5
209.7 5
209.8 4
209.9 8
210.1 5
210.2 5
210.3 6
210.4 5
210.5 5
210.7 5
210.8 6
210.9 5
211.0 5
211.1 5
211.2 5
211.3 1
211.4 5
211.5 5
211.6 5
211.7 6
211.8 4
211.9 1
212.0 5
212.1 5
212.2 6
212.3 5
212.4 4
212.5 2
212.6 4
212.7 5
212.8 6
212.9 4
213.0 5
213.2 4
213.3 5
213.4 5
213.5 6
213.7 5
213.8 5
213.9 5
214.0 6
214.1 5
214.3 5
214.4 5
214.5 6
214.6 5
214.7 5
214.9 5
215.0 6
215.1 5
215.2 5
215.3 5
215.5 6
215.6 5
215.7 5
215.8 5
215.9 5
216.0 4
216.1 2
216.2 5
216.3 5
216.4 5
216.5 6
216.6 3
216.7 2
216.8 5
216.9 3
217.0 5
217.1 6
217.2 5
217.3 5
217.4 5
217.6 6
217.7 5
217.8 5
217.9 6
218.0 5
218.2 5
218.3 5
218.4 6
218.5 5
218.6 5
218.8 3
218.9 6
219.0 5
219.1 4
219.2 5
219.3 5
219.4 4
219.5 1
219.6 5
219.7 5
219.8 6
219.9 5
220.0 4
220.1 1
220.2 6
220.3 5
220.4 5
220.5 5
220.6 3
220.7 5
220.8 3
220.9 4
221.0 4
221.1 5
221.2 5
221.3 5
221.4 2
221.5 4
221.6 5
221.7 3
221.8 5
221.9 6
222.0 3
222.1 7
222.2 4
222.3 1
222.4 5
222.5 5
222.6 6
222.7 5
222.8 5
223.0 5
223.1 6
223.2 5
223.4 3
223.5 6
223.6 5
223.7 5
223.8 5
224.0 6
224.1 5
224.2 5
224.3 5
224.4 6
224.6 5
224.7 5
224.8 5
224.9 6
225.0 5
225.2 5
225.3 5
225.4 5
225.5 6
225.6 5
225.7 3
225.8 2
225.9 5
226.0 5
226.1 6
226.2 5
226.3 3
226.4 2
226.5 6
226.6 5
226.7 5
226.8 5
226.9 3
227.0 2
227.1 6
227.2 5
227.3 5
227.4 6
227.5 2
227.6 3
227.7 5
227.8 5
227.9 6
228.0 5
228.1 2
228.2 3
228.3 5
228.4 6
228.5 5
228.6 5
228.7 2
228.8 3
228.9 6
229.0 4
229.1 5
229.2 6
229.4 5
229.5 5
229.6 5
229.7 5
229.8 5
229.9 1
230.0 5
230.1 5
230.2 5
230.3 5
230.4 6
230.5 1
230.6 4
230.7 5
230.8 5
230.9 5
231.0 6
231.1 1
231.2 4
231.3 5
231.4 5
231.5 5
231.6 6
231.7 1
231.8 4
231.9 5
232.0 6
232.1 5
232.2 5
232.3 1
232.4 4
232.5 5
232.6 6
232.7 5
232.8 5
232.9 5
233.1 6
233.2 5
233.3 5
233.4 5
233.5 6
233.7 5
233.8 5
233.9 6
234.0 5
234.2 5
234.3 5
234.4 6
234.5 5
234.6 5
234.8 5
234.9 6
235.0 5
235.1 5
235.2 5
235.3 5
235.4 1
235.5 5
235.6 5
235.7 5
235.8 5
235.9 5
236.0 1
236.1 5
236.2 5
236.3 5
236.4 6
236.5 4
236.6 1
236.7 5
236.8 5
236.9 6
237.0 5
237.1 4
237.2 1
237.3 5
237.4 6
237.5 5
237.6 5
237.7 5
237.8 1
237.9 5
238.0 5
238.1 5
238.2 5
238.3 6
238.5 5
238.6 5
238.7 5
238.8 6
238.9 5
239.1 5
239.2 5
239.3 6
239.4 5
239.5 5
239.6 5
239.8 4
239.9 6
240.0 5
240.1 5
240.2 6
240.3 1
240.4 4
240.5 7
240.6 5
240.8 5
240.9 6
241.0 5
241.1 5
241.2 6
241.4 5
241.5 5
241.6 5
241.7 5
241.8 6
241.9 2
242.0 3
242.1 5
242.2 5
242.3 6
242.4 5
242.5 2
242.6 3
242.7 5
242.8 6
242.9 4
243.0 5
243.1 5
243.2 4
243.3 1
243.4 5
243.5 5
243.6 5
243.7 5
243.8 6
243.9 5
244.1 5
244.2 5
244.3 6
244.4 5
244.5 5
244.7 6
244.8 5
244.9 5
245.0 5
245.1 6
245.3 5
245.4 5
245.5 5
245.6 6
245.7 5
245.9 5
246.0 5
246.1 6
246.2 5
246.3 5
246.5 5
246.6 6
246.7 5
246.8 5
246.9 5
247.0 2
247.1 4
247.2 5
247.3 5
247.4 5
247.5 5
247.6 6
247.8 5
247.9 5
248.0 5
248.1 6
248.2 5
248.4 5
248.5 5
248.6 5
248.7 5
248.8 6
249.0 5
249.3 4
249.4 4
249.5 5
249.6 5
249.7 4
249.8 5
249.9 2
250.0 5
250.1 3
250.2 6
250.3 4
250.4 2
250.5 5
250.6 6
250.7 5
250.8 1
250.9 4
251.0 5
251.1 4
251.2 4
251.3 7
251.4 4
251.5 2
251.6 4
251.7 4
251.8 5
251.9 5
252.0 4
252.1 3
252.2 4
252.3 4
252.4 4
252.5 4
252.6 5
252.7 5
252.8 5
252.9 4
253.0 5
253.1 6
253.2 5
253.3 1
253.4 4
253.5 5
253.6 6
253.7 5
253.8 5
253.9 1
254.0 4
254.1 6
254.2 5
254.3 5
254.4 6
254.6 5
254.7 5
254.8 5
254.9 6
255.0 5
255.1 5
255.3 5
255.4 5
255.5 6
255.6 5
255.7 5
255.9 5
256.0 6
256.1 5
256.2 5
256.3 5
256.5 6
256.6 5
256.7 5
256.8 5
256.9 5
257.1 6
257.2 5
257.3 5
257.4 5
257.5 6
257.6 1
257.7 4
257.8 5
257.9 5
258.0 6
258.1 5
258.2 1
258.3 4
258.4 5
258.5 6
258.6 5
258.7 5
258.8 1
258.9 4
259.0 5
259.1 6
259.2 3
259.3 5
259.4 5
259.5 6
259.6 4
259.7 1
259.8 5
259.9 5
260.0 5
260.1 6
260.2 4
260.3 1
260.4 5
260.5 6
260.6 5
260.7 5
260.8 4
260.9 1
261.0 5
261.1 6
261.2 5
261.3 5
261.4 4
261.5 1
261.6 6
261.7 5
261.8 5
261.9 5
262.0 6
262.2 5
262.3 5
262.4 5
262.5 6
262.6 5
262.8 5
262.9 5
263.0 5
263.1 5
263.2 4
263.3 6
263.4 5
263.6 5
263.7 5
263.8 6
263.9 5
264.0 5
264.2 5
264.3 5
264.4 6
264.5 5
264.6 5
264.8 5
264.9 6
265.0 5
265.1 5
265.2 5
265.4 5
265.5 6
265.6 5
265.7 5
265.8 4
265.9 3
266.0 5
266.1 5
266.2 6
266.4 5
266.5 5
266.6 5
266.7 6
266.8 5
266.9 4
267.0 1
267.1 5
267.2 6
267.3 3
267.4 6
267.5 5
267.7 7
267.8 3
267.9 5
268.0 5
268.1 5
268.2 6
268.3 1
268.4 4
268.5 5
268.6 5
268.7 5
268.8 5
268.9 6
269.1 5
269.2 22
269.3 45
269.4 42
269.5 42
269.6 37
269.7 44
269.8 44
269.9 45
270.0 44
270.1 44
270.2 45
270.3 44
270.4 44
270.5 33
270.6 44
270.7 44
270.8 45
270.9 44
271.0 44
271.1 45
271.2 44
271.3 44
271.4 44
271.5 45
271.6 44
271.7 44
271.8 44
271.9 44
272.0 45
272.1 44
272.2 45
272.3 44
272.4 44
272.5 45
272.6 44
272.7 45
272.8 44
272.9 43
273.0 44
273.1 45
273.2 44
273.3 44
273.4 44
273.5 44
273.6 44
273.7 44
273.8 44
273.9 42
274.0 43
274.1 45
274.2 44
274.3 44
274.4 44
274.5 44
274.6 45
274.7 44
274.8 44
274.9 44
275.0 45
275.1 44
275.2 45
275.3 44
275.4 44
275.5 44
275.6 45
275.7 44
275.8 45
275.9 44
276.0 44
276.1 45
276.2 32
276.4 6
276.5 5
276.6 5
276.7 5
276.8 5
276.9 2
277.0 6
277.1 2
277.2 5
277.3 5
277.4 5
277.5 5
277.6 4
277.7 2
277.8 5
277.9 5
278.0 5
278.1 6
278.2 5
278.4 5
278.5 5
278.6 5
278.7 6
278.8 5
279.0 3
279.1 5
279.2 6
279.3 5
279.4 5
279.5 5
279.7 5
279.8 5
279.9 4
280.0 5
280.1 6
280.2 5
280.3 3
280.4 2
280.5 5
280.6 5
280.7 6
280.8 5
281.0 5
281.1 5
281.2 5
281.3 6
281.4 5
281.5 3
281.6 2
281.7 5
281.8 5
281.9 2
282.0 6
282.1 4
282.2 6
282.3 5
282.4 5
282.5 5
282.6 1
282.7 5
282.8 5
282.9 5
283.0 5
283.1 5
283.2 5
283.4 6
283.5 5
283.6 5
283.7 5
283.8 6
284.0 5
284.1 5
284.2 5
284.3 6
284.4 5
284.5 2
284.6 3
284.7 5
284.8 5
284.9 6
285.0 5
285.1 2
285.2 3
285.3 5
285.4 6
285.5 5
285.6 5
285.7 2
285.8 3
285.9 5
286.0 6
286.1 5
286.2 5
286.3 2
286.4 3
286.5 6
286.6 5
286.7 5
286.8 5
286.9 2
287.0 4
287.1 5
287.2 5
287.3 5
287.4 6
287.5 1
287.6 4
287.7 5
287.8 5
287.9 6
288.0 5
288.1 1
288.2 4
288.3 5
288.4 6
288.5 5
288.6 5
288.7 6
288.9 5
289.0 5
289.1 4
289.2 4
289.3 5
289.4 5
289.5 6
289.6 5
289.8 5
289.9 5
290.0 6
290.1 5
290.2 5
290.4 5
290.5 6
290.6 5
290.7 5
290.8 5
291.0 6
291.1 5
291.2 5
291.3 5
291.4 6
291.6 5
291.7 5
291.8 5
291.9 6
292.0 5
292.1 3
292.2 2
292.3 5
292.4 6
292.5 5
292.6 5
292.7 3
292.8 2
292.9 6
293.0 5
293.1 5
293.2 5
293.3 3
293.4 3
293.5 5
293.6 5
293.7 5
293.8 6
293.9 2
294.0 3
294.1 5
294.2 5
294.3 6
294.4 5
294.5 5
294.7 5
294.8 6
294.9 5
295.0 5
295.1 5
295.3 5
295.4 5
295.5 5
295.6 5
295.7 5
295.9 6
296.0 5
296.1 5
296.2 5
296.3 5
296.5 6
296.6 5
296.7 5
296.8 5
296.9 6
297.0 3
297.1 2
297.2 5
297.3 5
297.4 5
297.5 6
297.6 3
297.7 2
297.8 5
297.9 5
298.0 6
298.1 5
298.2 3
298.3 2
298.4 6
298.5 5
298.6 5
298.7 5
298.8 6
299.0 5
299.1 5
299.2 5
299.3 5
299.4 4
299.5 4
299.6 6
299.7 2
299.8 3
299.9 5
300.0 5
300.1 5
300.2 6
300.3 3
300.4 2
300.5 5
300.6 6
300.7 5
300.8 5
300.9 5
301.1 5
301.2 6
301.3 5
301.4 5
301.5 5
301.7 6
301.8 5
301.9 5
302.0 5
302.1 5
302.3 6
302.4 5
302.5 5
302.6 5
302.7 6
302.8 4
302.9 1
303.0 5
303.1 5
303.2 6
303.3 5
303.4 4
303.5 1
303.6 5
303.7 6
303.8 5
303.9 5
304.0 5
304.2 5
304.3 5
304.4 6
304.5 5
304.6 5
304.7 1
304.8 4
304.9 6
305.0 5
305.1 5
305.2 5
305.3 6
305.5 5
305.6 5
305.7 5
305.8 6
305.9 5
306.1 5
306.2 5
306.3 5
306.4 6
306.5 5
306.7 5
306.8 6
306.9 5
307.0 5
307.1 5
307.2 2
307.3 3
307.4 6
307.5 5
307.6 5
307.7 6
307.8 1
307.9 4
308.0 5
308.1 5
308.2 6
308.3 5
308.4 1
308.5 4
308.6 5
308.7 6
308.8 5
308.9 5
309.1 5
309.2 5
309.3 5
309.4 5
309.5 5
309.6 1
309.7 4
309.8 5
309.9 6
310.0 3
310.1 3
310.7 2
310.8 5
310.9 4
311.0 5
311.1 5
311.2 4
311.3 5
311.4 5
311.5 5
311.6 3
311.7 2
311.8 5
311.9 5
312.0 5
312.1 5
312.2 6
312.4 5
312.5 5
312.6 5
312.7 5
312.8 5
312.9 4
313.0 1
313.1 4
313.2 5
313.3 6
313.4 5
313.5 5
313.6 5
313.8 5
313.9 5
314.0 6
314.1 5
314.2 5
314.4 5
314.5 6
314.6 4
314.7 5
314.8 5
314.9 5
315.0 5
315.2 6
315.3 5
315.4 5
315.5 5
315.6 5
315.7 1
315.8 5
315.9 5
316.0 5
316.1 6
316.2 4
316.3 1
316.4 5
316.5 5
316.6 6
316.7 5
316.8 5
316.9 1
317.0 4
317.1 5
317.2 5
317.3 5
317.4 5
317.5 5
317.6 3
317.7 2
317.8 6
317.9 5
318.0 5
318.1 5
318.2 3
318.3 3
318.4 5
318.5 5
318.6 5
318.7 4
318.8 5
318.9 5
319.0 1
319.1 4
319.2 5
319.3 5
319.4 5
319.5 5
319.6 1
319.7 5
319.8 4
319.9 4
320.0 6
320.1 4
320.2 3
320.3 4
320.4 3
320.5 8
320.6 2
320.7 4
320.8 5
320.9 4
321.0 5
321.1 6
321.2 5
321.3 3
321.4 2
321.5 5
321.6 5
321.7 6
321.8 5
321.9 3
322.0 2
322.1 5
322.2 6
322.3 5
322.4 5
322.5 3
322.6 2
322.7 6
322.8 5
322.9 4
323.0 5
323.1 5
323.2 5
323.3 1
323.4 5
323.5 5
323.6 5
323.7 6
323.8 4
323.9 1
324.0 5
324.1 5
324.2 6
324.3 5
324.4 4
324.5 2
324.6 4
324.7 5
324.8 6
324.9 4
325.0 5
325.1 6
325.3 5
325.4 5
325.5 5
325.6 5
325.7 6
325.9 5
326.0 5
326.1 5
326.2 6
326.3 5
326.5 5
326.6 5
326.7 6
326.8 5
326.9 5
327.1 5
327.2 6
327.3 5
327.4 5
327.5 5
327.6 2
327.7 3
327.8 6
327.9 5
328.0 5
328.1 5
328.2 2
328.3 4
328.4 5
328.5 5
328.6 5
328.7 6
328.8 2
328.9 3
329.0 5
329.1 5
329.2 5
329.3 6
329.4 1
329.5 4
329.6 5
329.7 5
329.8 5
329.9 6
330.0 5
330.2 5
330.3 5
330.4 6
330.5 5
330.6 5
330.8 9
330.9 1
331.0 4
331.1 5
331.2 6
331.3 5
331.4 5
331.5 1
331.6 4
331.7 6
331.8 5
331.9 5
332.0 5
332.1 5
332.3 5
332.4 6
332.5 5
332.6 5
332.7 5
332.9 6
333.0 5
333.1 5
333.4 7
333.5 5
333.6 5
333.7 3
333.8 3
333.9 5
334.0 5
334.1 4
334.2 1
334.3 4
334.4 5
334.5 5
334.6 6
334.7 5
334.8 5
335.0 5
335.1 6
335.2 5
335.3 5
335.4 5
335.5 3
335.6 3
335.7 5
335.8 5
335.9 5
336.0 6
336.1 2
336.2 3
336.3 5
336.4 5
336.5 5
336.6 6
336.7 2
336.8 3
336.9 5
337.0 5
337.1 6
337.2 5
337.3 2
337.4 3
337.5 5
337.6 6
337.7 5
337.8 5
337.9 5
338.1 6
338.2 5
338.3 5
338.4 5
338.5 5
338.7 5
338.8 6
338.9 5
339.0 5
339.1 3
339.3 5
339.4 5
339.5 5
339.6 4
339.7 5
339.8 5
339.9 6
340.0 5
340.2 5
340.3 5
340.4 5
340.5 6
340.6 5
340.8 5
340.9 6
341.0 5
341.1 5
341.2 5
341.4 6
341.5 5
341.6 5
341.7 5
341.8 5
342.0 6
342.1 5
342.3 5
342.4 6
342.5 5
342.7 5
342.8 5
342.9 6
343.1 5
343.2 5
343.3 4
343.4 5
343.5 6
343.6 5
343.7 4
343.8 3
343.9 2
344.0 5
344.1 4
344.2 7
344.3 20
344.4 43
344.5 44
344.6 44
344.7 45
344.8 44
344.9 41
345.0 42
345.1 34
345.2 34
345.3 42
345.4 42
345.5 34
345.6 44
345.7 44
345.8 44
345.9 44
346.0 41
346.1 42
346.2 26
346.3 22
346.4 38
346.5 44
346.6 34
346.7 44
346.8 45
346.9 44
347.0 41
347.1 35
347.2 33
347.3 36
347.4 20
347.5 31
347.6 43
347.7 43
347.8 45
347.9 44
348.0 45
348.1 44
348.2 41
348.3 42
348.4 43
348.5 42
348.6 41
348.7 19
348.8 42
348.9 41
349.0 37
349.1 39
349.2 41
349.3 42
349.4 40
349.5 38
349.6 39
349.7 27
349.8 33
349.9 29
350.0 43
350.1 44
350.2 45
350.3 44
350.4 35
350.5 24
350.6 33
350.7 33
350.8 33
350.9 42
351.0 31
351.1 37
351.2 32
351.3 27
351.4 33
351.5 25
351.6 31
351.7 42
351.8 27
351.9 33
352.0 33
352.1 33
352.2 42
352.3 26
352.4 42
352.5 34
352.6 33
352.7 19
352.8 23
352.9 36
353.0 29
353.1 30
353.2 37
353.3 44
353.4 44
353.5 45
353.6 44
353.7 44
353.8 44
353.9 45
354.0 44
354.1 41
354.2 34
354.3 2
354.4 4
354.5 5
354.6 5
354.7 5
354.8 6
355.0 7
355.1 2
355.2 5
355.3 5
355.4 6
355.5 5
355.6 3
355.7 2
355.8 5
355.9 6
356.0 5
356.1 5
356.2 3
356.3 2
356.4 6
356.5 5
356.6 5
356.7 5
356.8 5
357.0 5
357.1 6
357.2 5
357.3 5
357.4 5
357.5 5
357.6 1
357.7 5
357.8 5
357.9 5
358.0 6
358.1 4
358.2 1
358.3 5
358.4 5
358.5 6
358.6 5
358.7 5
358.8 1
358.9 4
359.0 5
359.1 4
359.2 2
359.3 7
359.4 4
359.5 4
359.6 6
359.7 5
359.8 5
359.9 4
360.0 1
360.1 5
360.2 5
360.3 5
360.4 5
360.5 6
360.7 5
360.8 5
360.9 5
361.0 6
361.1 5
361.2 5
361.4 5
361.5 5
361.6 6
361.7 5
361.8 5
362.0 5
362.1 6
362.2 4
362.3 6
362.4 5
362.5 1
362.6 4
362.7 6
362.8 5
362.9 5
363.0 5
363.1 1
363.2 5
363.3 5
363.4 5
363.5 5
363.6 6
363.7 1
363.8 4
363.9 5
364.0 5
364.1 6
364.2 5
364.3 5
364.5 5
364.6 6
364.7 5
364.8 5
364.9 5
365.1 6
365.2 5
365.3 5
365.4 5
365.5 6
365.6 2
365.7 3
365.8 5
365.9 6
366.0 5
366.1 5
366.2 3
366.3 2
366.4 6
366.5 5
366.6 5
366.7 6
366.8 2
366.9 3
367.0 5
367.1 5
367.2 5
367.3 6
367.4 5
367.6 5
367.7 5
367.8 6
367.9 5
368.0 5
368.2 5
368.3 5
368.4 6
368.5 5
368.6 5
368.8 5
368.9 5
369.0 6
369.1 5
369.2 4
369.3 5
369.7 3
369.8 5
369.9 3
370.0 6
370.1 4
370.2 4
370.3 4
370.4 6
370.5 5
370.6 5
370.7 1
370.8 3
370.9 6
371.0 6
371.2 5
371.3 3
371.4 5
371.5 5
371.6 5
371.7 5
371.8 5
371.9 5
372.1 6
372.2 5
372.3 5
372.4 4
372.5 5
372.6 5
372.8 8
372.9 2
373.0 7
373.1 1
373.2 4
373.3 5
373.4 5
373.5 6
373.6 5
373.7 5
373.9 5
374.0 5
374.1 5
374.2 6
374.3 5
374.5 5
374.6 5
374.7 5
374.8 6
374.9 5
375.0 3
375.1 2
375.2 5
375.3 5
375.4 5
375.5 5
375.6 5
375.7 5
375.9 6
376.0 5
376.1 5
376.2 5
376.3 5
376.4 1
376.5 4
376.6 6
376.7 5
376.8 5
376.9 5
377.0 5
377.2 5
377.3 6
377.4 5
377.5 5
377.6 6
377.8 5
377.9 5
378.0 5
378.1 5
378.2 5
378.3 2
378.4 3
378.5 6
378.6 5
378.7 5
378.8 5
378.9 1
379.0 8
379.2 5
379.3 5
379.4 5
379.5 3
379.6 4
379.7 4
379.8 5
379.9 5
380.0 5
380.1 3
380.2 6
380.3 3
380.4 3
380.5 5
380.6 5
380.7 5
380.8 5
380.9 5
381.0 1
381.1 5
381.2 5
381.3 5
381.4 5
381.5 6
381.6 5
381.8 5
381.9 6
382.0 5
382.1 5
382.2 5
382.4 6
382.5 5
382.6 5
382.7 5
382.8 6
383.0 5
383.1 5
383.2 5
383.3 6
383.4 5
383.5 2
383.6 3
383.7 5
383.8 5
383.9 5
384.0 5
384.1 6
384.3 5
384.4 5
384.5 5
384.6 6
384.7 5
384.9 5
385.0 5
385.1 6
385.2 5
385.3 5
385.4 4
385.5 1
385.6 5
385.7 6
385.8 5
385.9 5
386.0 4
386.1 1
386.2 6
386.3 5
386.4 5
386.5 5
386.6 4
386.7 2
386.8 5
386.9 5
387.0 5
387.1 5
387.2 6
387.4 5
387.5 5
387.6 5
387.7 5
387.8 6
387.9 5
388.1 5
388.2 5
388.3 5
388.4 6
388.5 5
388.7 5
388.8 5
388.9 5
389.0 6
389.1 5
389.2 1
389.3 4
389.4 5
389.5 6
389.6 5
389.7 5
389.8 1
389.9 5
390.0 2
390.1 5
390.2 6
390.3 5
390.4 5
390.5 5
390.6 5
390.7 1
390.8 5
390.9 5
391.0 5
391.1 5
391.2 5
391.3 1
391.4 5
391.5 5
391.6 5
391.7 5
391.8 4
391.9 5
392.0 2
392.1 3
392.2 6
392.4 4
392.5 5
392.6 5
392.7 5
392.8 6
392.9 1
393.0 4
393.1 5
393.2 5
393.3 6
393.4 5
393.5 2
393.6 3
393.7 5
393.8 4
393.9 5
394.0 5
394.1 5
394.2 5
394.3 5
394.4 1
394.5 5
394.6 5
394.7 5
394.8 6
394.9 5
395.0 1
395.1 4
395.2 5
395.3 6
395.4 5
395.5 5
395.6 1
395.7 4
395.8 6
395.9 5
396.0 5
396.1 5
396.2 1
396.3 5
396.4 5
396.5 5
396.6 5
396.7 6
396.9 5
397.0 5
397.1 5
397.2 5
397.3 6
397.5 5
397.6 5
397.7 6
397.8 5
397.9 5
398.0 5
398.2 5
398.3 6
398.4 5
398.5 5
398.6 5
398.8 6
398.9 5
399.0 5
399.1 5
399.2 5
399.3 3
399.5 5
399.6 5
399.7 5
399.8 6
399.9 5
400.1 5
400.2 5
400.3 6
400.4 5
400.5 5
400.6 3
400.7 2
400.8 6
400.9 5
401.0 5
401.1 6
401.2 2
401.3 3
401.4 5
401.5 5
401.6 5
401.7 6
401.8 2
401.9 3
402.0 5
402.1 6
402.2 5
402.3 5
402.4 2
402.5 3
402.6 5
402.7 6
402.8 5
402.9 5
403.0 3
403.1 3
403.2 5
403.3 5
403.4 5
403.5 6
403.6 2
403.7 3
403.8 5
403.9 5
404.0 5
404.1 6
404.2 2
404.3 3
404.4 5
404.5 6
404.6 5
404.7 5
404.8 2
404.9 3
405.0 5
405.1 6
405.2 5
405.3 5
405.4 2
405.5 3
405.6 6
405.7 5
405.8 5
405.9 5
406.0 5
406.2 5
406.3 6
406.4 5
406.5 5
406.6 6
406.8 5
406.9 5
407.0 5
407.1 5
407.2 5
407.4 6
407.5 5
407.6 5
407.7 6
407.8 5
408.0 5
408.2 4
408.3 5
408.4 2
408.5 1
408.6 3
408.7 4
408.9 9
409.0 5
409.2 5
409.3 5
409.4 5
409.5 4
409.6 3
409.7 3
409.8 5
409.9 6
410.0 2
410.1 3
410.2 5
410.3 5
410.4 5
410.5 6
410.6 5
410.8 5
410.9 5
411.0 6
411.1 5
411.2 5
411.4 5
411.5 6
411.6 5
411.7 5
411.8 5
411.9 4
412.0 2
412.1 5
412.2 5
412.3 5
412.4 6
412.5 3
412.6 2
412.7 5
412.8 5
412.9 5
413.0 5
413.1 4
413.2 2
413.3 5
413.4 5
413.5 5
413.6 6
413.7 5
413.9 5
414.0 5
414.1 5
414.2 6
414.3 5
414.5 5
414.6 5
414.7 6
414.8 5
414.9 4
415.0 5
415.1 1
415.2 4
415.3 6
415.4 5
415.5 5
415.6 5
415.7 1
415.8 5
415.9 5
416.0 5
416.1 5
416.2 6
416.4 5
416.5 5
416.6 6
416.7 5
416.8 5
417.0 5
417.1 6
417.2 5
417.3 5
417.4 6
417.5 5
417.7 5
417.8 5
417.9 6
418.0 5
418.1 5
418.3 6
418.4 5
418.5 5
418.6 5
418.7 5
418.9 6
419.0 5
419.1 5
419.2 6
419.3 5
419.5 5
419.6 6
419.7 5
419.8 5
419.9 3
420.0 5
420.1 6
420.3 5
420.4 5
420.5 6
420.6 5
420.7 5
420.8 5
421.0 5
421.1 6
421.2 5
421.3 5
421.4 5
421.6 6
421.7 5
421.8 5
421.9 5
422.0 5
422.1 1
422.2 5
422.3 5
422.4 5
422.5 6
422.6 5
422.7 1
422.8 4
422.9 5
423.0 6
423.1 5
423.2 5
423.3 1
423.4 4
423.5 5
423.6 6
423.7 5
423.8 5
423.9 1
424.0 4
424.1 5
424.2 6
424.3 5
424.4 5
424.6 8
424.8 5
424.9 5
425.0 5
425.1 6
425.3 5
425.4 5
425.5 6
425.6 5
425.7 5
425.9 5
426.0 6
426.1 5
426.2 5
426.3 5
426.5 6
426.6 5
426.7 5
426.8 5
426.9 6
427.1 5
427.2 5
427.3 5
427.4 6
427.5 4
427.6 1
427.7 5
427.8 6
427.9 5
428.0 5
428.1 5
428.3 6
428.4 5
428.5 5
428.6 5
428.7 6
428.9 5
429.0 4
429.1 5
429.2 5
429.5 7
429.6 5
429.7 5
429.9 4
430.0 5
430.1 4
430.2 5
430.3 3
430.4 5
430.5 5
430.6 6
430.7 4
430.8 3
430.9 1
431.0 4
431.1 5
431.2 5
431.3 4
431.4 5
431.5 4
431.6 5
431.7 4
431.8 5
432.0 5
432.1 8
432.3 5
432.4 4
432.5 4
432.6 4
432.7 6
432.8 3
433.1 3
433.2 5
433.3 5
433.4 5
433.5 6
433.6 5
433.8 5
433.9 5
434.0 5
434.1 5
434.2 6
434.4 5
434.5 5
434.6 6
434.7 5
434.8 5
435.0 5
435.1 6
435.2 5
435.3 5
435.4 5
435.5 6
435.7 5
435.8 5
435.9 5
436.0 6
436.1 5
436.2 18
436.3 45
436.4 45
436.5 44
436.6 44
436.7 45
436.8 44
436.9 43
437.0 1
437.1 41
437.2 45
437.3 45
437.4 44
437.5 45
437.6 45
437.7 45
437.8 44
437.9 35
438.0 45
438.1 35
438.2 45
438.3 43
438.4 44
438.5 44
438.6 45
438.7 44
438.8 43
438.9 35
439.0 44
439.1 40
439.2 27
439.3 31
439.4 30
439.5 44
439.6 42
439.7 44
439.8 43
439.9 45
440.0 24
440.1 15
440.2 15
440.3 11
440.4 21
440.6 4
440.7 35
440.8 44
440.9 44
441.0 44
441.1 44
441.2 45
441.3 44
441.4 43
441.5 43
441.6 44
441.7 44
441.8 39
441.9 42
442.0 44
442.1 44
442.2 44
442.3 44
442.4 42
442.5 21
442.6 38
442.7 35
442.8 44
442.9 38
443.0 39
443.1 44
443.2 44
443.3 44
443.4 45
443.5 44
443.6 44
443.7 43
443.8 43
443.9 44
444.0 33
444.1 44
444.2 44
444.3 44
444.4 44
444.5 43
444.6 44
444.7 44
444.8 44
444.9 42
445.0 44
445.1 45
445.2 32
445.4 5
445.5 6
445.6 5
445.7 5
445.8 5
445.9 3
446.0 2
446.1 6
446.2 5
446.3 5
446.4 5
446.5 3
446.6 3
446.7 5
446.8 5
446.9 5
447.0 5
447.1 6
447.3 5
447.4 5
447.5 5
447.6 5
447.7 6
447.8 4
447.9 1
448.0 5
448.1 5
448.2 6
448.3 5
448.4 4
448.5 1
448.6 5
448.7 5
448.8 6
448.9 5
449.0 5
449.2 5
449.3 5
449.4 6
449.5 4
449.6 3
449.7 5
449.8 5
449.9 5
450.0 5
450.1 2
450.2 4
450.3 5
450.4 5
450.5 5
450.6 6
450.7 1
450.8 4
450.9 5
451.0 5
451.1 5
451.2 6
451.3 5
451.5 5
451.6 5
451.7 6
451.8 5
451.9 5
452.1 5
452.2 5
452.3 6
452.4 5
452.5 5
452.7 6
452.8 5
452.9 5
453.0 5
453.1 6
453.3 5
453.4 5
453.5 6
453.6 5
453.7 5
453.8 3
453.9 2
454.0 6
454.1 5
454.2 5
454.3 5
454.4 2
454.5 3
454.6 6
454.7 5
454.8 5
454.9 5
455.0 6
455.2 5
455.3 5
455.4 6
455.5 5
455.6 5
455.8 5
455.9 6
456.0 5
456.1 5
456.2 5
456.3 4
456.4 2
456.5 5
456.6 5
456.7 5
456.9 6
457.0 5
457.1 6
457.2 5
457.3 5
457.4 5
457.6 6
457.7 5
457.8 5
457.9 5
458.0 6
458.2 5
458.3 5
458.4 5
458.5 6
458.6 5
458.8 5
458.9 5
459.0 6
459.1 5
459.2 5
459.3 2
459.4 3
459.5 6
459.6 3
459.7 5
459.8 4
459.9 4
460.0 3
460.1 5
460.2 5
460.3 6
460.5 5
460.6 5
460.7 5
460.8 6
460.9 4
461.0 5
461.2 6
461.3 5
461.4 5
461.5 5
461.6 5
461.7 1
461.8 7
461.9 5
462.0 1
462.1 5
462.2 6
462.3 5
462.4 2
462.5 8
462.7 5
462.8 5
462.9 5
463.0 5
463.1 6
463.3 5
463.4 5
463.5 6
463.6 5
463.7 5
463.8 6
464.0 5
464.1 5
464.2 5
464.3 5
464.4 6
464.6 5
464.7 5
464.8 5
464.9 6
465.0 5
465.2 5
465.3 5
465.4 5
465.5 6
465.6 5
465.7 1
465.8 4
465.9 5
466.0 5
466.1 5
466.2 6
466.3 1
466.4 4
466.5 5
466.6 5
466.7 6
466.8 5
466.9 5
467.1 5
467.2 6
467.3 5
467.4 5
467.5 5
467.7 6
467.8 5
467.9 5
468.0 5
468.1 6
468.3 5
468.4 5
468.5 5
468.6 6
468.7 5
468.8 2
468.9 3
469.0 5
469.1 5
469.2 5
469.4 5
469.5 5
469.6 6
469.7 5
469.8 5
469.9 1
470.0 5
470.1 5
470.2 5
470.3 5
470.4 6
470.5 5
470.7 5
470.8 5
470.9 5
471.0 6
471.1 5
471.3 5
471.4 5
471.5 6
471.6 5
471.7 5
471.9 5
472.0 5
472.1 5
472.2 3
472.3 6
472.4 5
472.5 5
472.6 5
472.8 6
472.9 5
473.0 5
473.1 5
473.2 6
473.4 4
473.5 6
473.6 5
473.7 5
473.8 5
473.9 2
474.0 4
474.1 5
474.2 5
474.3 5
474.4 5
474.5 6
474.7 5
474.8 5
474.9 5
475.0 5
475.1 5
475.2 4
475.3 2
475.4 5
475.5 5
475.6 6
475.7 4
475.8 3
475.9 3
476.0 5
476.1 5
476.2 5
476.3 6
476.4 2
476.5 3
476.6 5
476.7 6
476.8 5
476.9 5
477.0 3
477.1 2
477.2 6
477.3 5
477.4 5
477.5 6
477.6 5
477.8 5
477.9 5
478.0 6
478.1 5
478.2 5
478.4 5
478.5 6
478.6 5
478.7 5
478.8 5
479.0 6
479.1 5
479.2 5
479.3 5
479.4 6
479.6 5
479.7 5
479.8 5
479.9 6
480.0 5
480.2 5
480.3 5
480.4 6
480.5 5
480.6 5
480.7 3
480.8 2
480.9 5
481.0 6
481.1 5
481.2 5
481.3 3
481.4 2
481.5 6
481.6 5
481.7 5
481.8 5
481.9 3
482.0 3
482.1 5
482.2 5
482.3 5
482.4 6
482.5 5
482.7 5
482.8 5
482.9 6
483.0 5
483.1 5
483.3 5
483.4 6
483.5 5
483.6 5
483.7 6
483.9 5
484.0 5
484.1 5
484.2 6
484.3 5
484.5 5
484.6 5
484.7 6
484.8 5
484.9 5
485.1 5
485.2 6
485.3 5
485.4 5
485.5 5
485.7 6
485.8 5
485.9 5
486.0 6
486.1 5
486.2 3
486.3 2
486.4 5
486.5 5
486.6 6
486.7 5
486.8 3
486.9 2
487.0 5
487.1 6
487.2 5
487.3 5
487.4 3
487.5 2
487.6 5
487.7 5
487.8 6
487.9 5
488.0 5
488.2 5
488.3 6
488.4 5
488.5 5
488.6 5
488.8 5
488.9 6
489.1 4
489.2 6
489.3 5
489.4 5
489.5 3
489.6 3
489.7 5
489.8 5
489.9 5
490.0 6
490.1 2
490.2 3
490.3 5
490.4 5
490.8 1
491.0 7
491.1 5
491.2 4
491.3 5
491.5 5
491.6 6
491.7 5
491.8 5
491.9 5
492.0 3
492.1 2
492.2 4
492.3 5
492.4 5
492.5 5
492.6 5
492.7 5
492.8 6
493.0 4
493.1 6
493.2 4
493.3 5
493.4 5
493.5 3
493.8 8
494.0 5
494.1 5
494.2 5
494.3 6
494.5 5
494.6 5
494.7 5
494.8 6
494.9 5
495.1 5
495.2 5
495.3 6
495.4 5
495.5 5
495.7 6
495.8 5
495.9 5
496.0 5
496.1 6
496.3 5
496.4 5
496.5 5
496.6 5
496.7 6
496.8 2
496.9 3
497.0 5
497.1 5
497.2 5
497.3 6
497.4 2
497.5 3
497.6 5
497.7 6
497.8 5
497.9 5
498.0 5
498.2 6
498.3 5
498.4 5
498.5 5
498.6 6
498.8 5
498.9 5
499.0 5
499.1 6
499.2 5
499.4 5
499.5 5
499.6 6
499.7 5
499.8 5
500.0 7
500.1 4
500.2 5
500.3 6
500.4 1
500.5 4
500.6 3
500.7 6
500.8 5
500.9 5
501.0 6
501.1 5
501.3 5
501.4 5
501.5 6
501.6 5
501.7 5
501.9 5
502.0 5
502.1 6
502.2 5
502.3 5
502.4 5
502.6 5
502.7 6
502.8 5
502.9 5
503.0 5
503.2 6
503.3 5
503.4 5
503.5 5
503.6 5
503.7 1
503.8 5
503.9 5
504.0 6
504.1 5
504.2 4
504.3 1
504.4 5
504.5 6
504.6 5
504.7 5
504.8 4
504.9 1
505.0 6
505.1 5
505.2 5
505.3 5
505.4 6
505.6 5
505.7 5
505.8 5
505.9 5
506.0 6
506.2 5
506.3 5
506.4 5
506.5 6
506.6 5
506.8 5
506.9 5
507.0 6
507.1 5
507.2 5
507.4 5
507.5 6
507.6 5
507.7 5
507.8 6
508.0 5
508.1 5
508.2 5
508.3 5
508.4 6
508.6 5
508.7 5
508.8 6
508.9 5
509.0 5
509.1 4
509.2 1
509.3 5
509.4 7
509.5 1
509.6 6
509.7 5
509.8 5
509.9 6
510.0 3
510.1 2
510.2 5
510.3 5
510.4 6
510.5 5
510.6 3
510.7 2
510.8 6
510.9 5
511.0 5
511.1 5
511.2 4
511.3 2
511.4 5
511.5 5
511.6 5
511.7 6
511.8 3
511.9 2
512.0 5
512.1 6
512.2 5
512.3 5
512.4 3
512.5 2
512.6 6
512.7 5
512.8 5
512.9 5
513.0 6
513.2 5
513.3 5
513.4 5
513.5 5
513.6 6
513.8 5
513.9 5
514.0 6
514.1 5
514.2 5
514.4 5
514.5 6
514.6 5
514.7 5
514.8 5
515.0 5
515.1 6
515.2 20
515.3 44
515.4 45
515.5 44
515.6 45
515.7 44
515.8 45
515.9 44
516.0 44
516.1 44
516.2 45
516.3 44
516.4 44
516.5 44
516.6 44
516.7 44
516.8 44
516.9 45
517.0 44
517.1 44
517.2 43
517.3 44
517.4 44
517.5 45
517.6 44
517.7 45
517.8 44
517.9 45
518.0 44
518.1 44
518.2 45
518.3 44
518.4 45
518.5 44
518.6 45
518.7 44
518.8 45
518.9 44
519.0 44
519.1 45
519.2 44
519.3 45
519.4 44
519.5 33
519.6 42
519.7 39
519.8 45
519.9 44
520.0 45
520.1 44
520.2 45
520.3 44
520.4 45
520.5 44
520.6 45
520.7 44
520.8 44
520.9 42
521.0 44
521.1 44
521.2 44
521.3 44
521.4 44
521.5 44
521.6 45
521.7 44
521.8 44
521.9 44
522.0 45
522.1 44
522.2 44
522.3 45
522.4 44
522.5 44
522.6 44
522.7 44
522.8 32
522.9 13
523.0 31
523.1 40
523.2 35
523.3 1
523.4 4
523.5 5
523.6 6
523.7 5
523.8 5
523.9 1
524.0 5
524.1 5
524.2 5
524.3 5
524.4 6
524.6 5
524.7 5
524.8 5
524.9 6
525.0 5
525.1 5
525.3 6
525.4 5
525.5 5
525.6 5
525.7 5
525.8 1
525.9 5
526.0 5
526.1 5
526.2 6
526.3 4
526.4 1
526.5 5
526.6 5
526.7 6
526.8 5
526.9 5
527.1 5
527.2 6
527.3 6
527.4 5
527.6 5
527.7 6
528.0 5
528.1 4
528.2 1
528.3 5
528.4 4
528.5 5
528.6 3
528.7 3
528.8 8
528.9 5
529.1 6
529.2 5
529.3 5
529.4 5
529.5 6
529.7 5
529.8 5
529.9 6
530.0 4
530.1 5
530.2 4
530.3 2
530.4 5
530.5 5
530.6 5
530.7 6
530.8 5
531.0 5
531.1 5
531.2 6
531.3 5
531.4 5
531.5 1
531.6 4
531.7 6
531.8 5
531.9 5
532.0 5
532.1 1
532.2 5
532.3 5
532.4 5
532.5 5
532.6 6
532.8 5
532.9 5
533.0 5
533.1 6
533.2 5
533.3 5
533.5 5
533.6 6
533.7 5
533.8 5
533.9 6
534.1 5
534.2 5
534.3 5
534.4 5
534.5 6
534.7 5
534.8 5
534.9 5
535.0 5
535.1 5
535.2 2
535.3 4
535.4 5
535.5 5
535.6 5
535.7 6
535.8 1
535.9 4
536.0 5
536.1 5
536.2 5
536.3 6
536.4 1
536.5 4
536.6 5
536.7 5
536.8 6
536.9 5
537.0 5
537.2 5
537.3 5
537.4 6
537.5 5
537.6 5
537.8 6
537.9 5
538.0 5
538.1 5
538.2 6
538.4 5
538.5 5
538.6 5
538.7 6
538.8 5
539.0 5
539.1 6
539.2 5
539.3 3
539.4 5
539.5 5
539.6 6
539.8 5
539.9 5
540.0 6
540.1 5
540.2 5
540.4 5
540.5 5
540.6 5
540.7 6
540.8 5
540.9 5
541.1 5
541.2 6
541.3 5
541.4 5
541.5 5
541.7 5
541.8 6
541.9 5
542.0 5
542.1 5
542.3 6
542.4 5
542.5 5
542.6 5
542.7 5
542.8 1
542.9 5
543.0 5
543.1 5
543.2 5
543.3 6
543.5 5
543.6 5
543.7 5
543.8 6
543.9 5
544.0 1
544.1 4
544.2 6
544.3 5
544.4 5
544.5 6
544.7 5
544.8 5
544.9 5
545.0 5
545.1 6
545.2 5
545.4 5
545.5 5
545.6 6
545.7 5
545.8 5
546.0 5
546.1 6
546.2 5
546.3 5
546.4 5
546.5 3
546.6 3
546.7 5
546.8 5
546.9 6
547.0 5
547.1 2
547.2 3
547.3 5
547.4 5
547.5 6
547.6 5
547.7 5
547.9 6
548.0 5
548.1 5
548.2 6
548.3 5
548.5 5
548.6 5
548.7 5
548.8 6
548.9 5
549.1 4
549.2 5
549.3 6
549.4 5
549.5 5
549.8 4
549.9 7
550.0 1
550.1 4
550.2 6
550.3 6
550.4 4
550.5 3
550.6 4
550.7 5
550.8 5
550.9 3
551.0 4
551.1 5
551.3 7
551.4 4
551.5 4
551.6 4
551.7 4
551.8 5
551.9 5
552.0 5
552.1 5
552.3 4
552.4 5
552.5 5
552.6 5
552.7 5
552.8 5
552.9 3
553.0 3
553.1 5
553.2 5
553.3 5
553.4 5
553.6 8
553.7 5
553.8 5
554.0 6
554.1 5
554.2 5
554.3 5
554.4 6
554.6 5
554.7 5
554.8 5
554.9 6
555.0 5
555.1 4
555.2 1
555.3 5
555.4 5
555.5 6
555.6 5
555.7 4
555.8 1
555.9 5
556.0 6
556.1 4
556.2 6
556.3 5
556.5 5
556.6 5
556.7 6
556.8 5
556.9 5
557.1 5
557.2 6
557.3 5
557.4 5
557.5 5
557.7 6
557.8 5
557.9 5
558.0 6
558.1 5
558.3 5
558.4 5
558.5 5
558.6 6
558.7 5
558.9 5
559.0 6
559.1 5
559.2 5
559.3 5
559.5 6
559.6 7
559.7 1
559.8 8
560.0 5
560.1 6
560.2 5
560.3 5
560.4 5
560.6 6
560.7 5
560.8 5
560.9 5
561.0 5
561.1 2
561.2 3
561.3 6
561.4 5
561.5 5
561.6 5
561.7 2
561.8 3
561.9 5
562.0 6
562.1 5
562.2 5
562.3 1
562.4 4
562.5 5
562.6 5
562.7 5
562.8 6
562.9 5
563.1 5
563.2 5
563.3 6
563.4 5
563.5 5
563.7 6
563.8 5
563.9 5
564.0 5
564.1 5
564.3 6
564.4 5
564.5 5
564.6 6
564.7 5
564.8 3
564.9 2
565.0 5
565.1 6
565.2 5
565.3 5
565.4 3
565.5 3
565.6 5
565.7 5
565.8 6
565.9 5
566.0 2
566.1 3
566.2 5
566.3 5
566.4 6
566.5 5
566.6 2
566.7 3
566.8 6
566.9 5
567.0 5
567.1 5
567.2 2
567.3 3
567.4 6
567.5 5
567.6 5
567.7 5
567.8 6
568.0 5
568.1 5
568.2 5
568.3 6
568.4 5
568.6 5
568.7 5
568.8 6
568.9 5
569.0 5
569.2 5
569.3 6
569.4 5
569.5 5
569.6 6
569.8 5
569.9 5
570.0 3
570.1 6
570.2 5
570.3 5
570.4 4
570.5 1
570.6 5
570.7 6
570.8 5
570.9 5
571.0 6
571.2 5
571.3 5
571.4 5
571.5 5
571.6 6
571.8 5
571.9 4
572.0 6
572.1 5
572.2 5
572.3 5
572.4 2
572.5 3
572.6 5
572.7 4
572.8 5
572.9 5
573.0 6
573.1 5
573.2 5
573.4 6
573.5 5
573.6 5
573.7 5
573.8 6
574.0 5
574.1 5
574.2 5
574.3 6
574.4 5
574.6 5
574.7 5
574.8 6
574.9 5
575.0 5
575.2 5
575.3 6
575.4 5
575.5 5
575.6 5
575.7 1
575.8 5
575.9 5
576.0 5
576.1 6
576.2 5
576.4 5
576.5 5
576.6 6
576.7 5
576.8 5
576.9 1
577.0 4
577.1 5
577.2 5
577.3 6
577.4 5
577.5 1
577.6 4
577.7 6
577.8 5
577.9 2
578.0 5
578.1 5
578.2 6
578.3 5
578.4 1
578.5 4
578.6 5
578.7 6
578.8 5
578.9 5
579.0 5
579.2 5
579.3 4
579.4 5
579.5 3
579.6 6
579.7 5
579.8 4
579.9 5
580.0 1
580.1 3
580.2 6
580.3 5
580.4 5
580.5 6
580.6 5
580.8 5
580.9 6
581.0 5
581.1 5
581.2 2
581.3 4
581.4 5
581.5 5
581.6 5
581.7 6
581.8 5
582.0 5
582.1 5
582.2 6
582.3 5
582.4 5
582.6 5
582.7 6
582.8 5
582.9 5
583.0 6
583.2 5
583.3 5
583.5 6
583.6 5
583.7 5
583.8 6
583.9 5
584.1 5
584.2 6
584.3 5
584.4 5
584.5 5
584.7 6
584.8 5
584.9 5
585.0 6
585.1 5
585.3 5
585.4 5
585.5 6
585.6 5
585.7 5
585.9 5
586.0 5
586.1 6
586.2 5
586.3 5
586.5 5
586.6 6
586.7 5
586.8 5
586.9 5
587.0 1
587.1 4
587.2 5
587.3 6
587.4 5
587.5 5
587.6 1
587.7 4
587.8 5
587.9 6
588.0 5
588.1 3
588.2 3
588.3 8
588.4 4
588.5 1
588.6 5
588.7 5
588.8 6
588.9 4
589.0 6
589.2 4
589.3 6
589.4 3
589.5 7
589.6 4
589.7 4
589.8 5
589.9 5
590.1 5
590.2 5
590.3 6
590.4 5
590.5 5
590.7 5
590.8 6
590.9 5
591.0 5
591.1 5
591.2 6
591.4 5
591.5 5
591.6 5
591.7 6
591.8 5
592.0 5
592.1 5
592.2 6
592.3 5
592.4 5
592.6 5
592.7 5
592.8 6
592.9 5
593.0 5
593.2 6
593.3 5
593.4 5
593.5 5
593.6 5
593.7 1
593.8 5
593.9 5
594.0 5
594.1 5
594.2 6
594.3 1
594.4 4
594.5 5
594.6 5
594.7 6
594.8 5
594.9 1
595.0 4
595.1 5
595.2 6
595.3 5
595.4 5
595.5 5
595.7 6
595.8 5
595.9 5
596.0 5
596.1 5
596.3 5
596.4 6
596.5 5
596.6 5
596.7 6
596.9 5
597.0 5
597.1 5
597.2 5
597.3 6
597.5 5
597.6 5
597.7 6
597.8 5
597.9 5
598.1 5
598.2 5
598.3 6
598.4 5
598.5 5
598.6 2
598.7 3
598.8 6
598.9 5
599.0 5
599.1 5
599.2 2
599.3 3
599.4 6
599.5 5
599.6 5
599.7 6
599.8 1
599.9 4
