Linux 3.8.0-19-generic (ip-10-58-125-169) 	06/06/2013 	_x86_64_	(1 CPU)

08:44:50 PM  CPU    %usr   %nice    %sys %iowait    %irq   %soft  %steal  %guest   %idle
08:44:51 PM  all   32.67    0.00    0.99    0.00    0.00    0.00    1.98    0.00   64.36
08:44:52 PM  all   95.10    0.00    0.00    0.00    0.00    0.98    3.92    0.00    0.00
08:44:53 PM  all  100.00    0.00    0.00    0.00    0.00    0.00    0.00    0.00    0.00
08:44:54 PM  all  100.00    0.00    0.00    0.00    0.00    0.00    0.00    0.00    0.00
08:44:55 PM  all   99.01    0.00    0.00    0.00    0.00    0.00    0.99    0.00    0.00
08:44:56 PM  all  100.00    0.00    0.00    0.00    0.00    0.00    0.00    0.00    0.00
08:44:57 PM  all  100.00    0.00    0.00    0.00    0.00    0.00    0.00    0.00    0.00
08:44:58 PM  all  100.00    0.00    0.00    0.00    0.00    0.00    0.00    0.00    0.00
08:44:59 PM  all  100.00    0.00    0.00    0.00    0.00    0.00    0.00    0.00    0.00
08:45:00 PM  all   93.20    0.00    0.00    0.00    0.00    0.00    6.80    0.00    0.00
08:45:01 PM  all    9.65    0.00    1.75    0.00    0.00    0.00   88.60    0.00    0.00
08:45:02 PM  all    7.20    0.00    0.80    0.00    0.00    0.80   91.20    0.00    0.00
08:45:03 PM  all   32.20    0.00    0.00    0.00    0.00    0.00   67.80    0.00    0.00
08:45:04 PM  all    8.64    0.00    0.00    0.00    0.00    0.00   91.36    0.00    0.00
08:45:05 PM  all   18.75    0.00    0.00    0.00    0.00    0.00   81.25    0.00    0.00
08:45:06 PM  all  100.00    0.00    0.00    0.00    0.00    0.00    0.00    0.00    0.00
08:45:07 PM  all  100.00    0.00    0.00    0.00    0.00    0.00    0.00    0.00    0.00
08:45:08 PM  all  100.00    0.00    0.00    0.00    0.00    0.00    0.00    0.00    0.00
08:45:09 PM  all  100.00    0.00    0.00    0.00    0.00    0.00    0.00    0.00    0.00
08:45:10 PM  all  100.00    0.00    0.00    0.00    0.00    0.00    0.00    0.00    0.00
08:45:12 PM  all  100.00    0.00    0.00    0.00    0.00    0.00    0.00    0.00    0.00
08:45:13 PM  all  100.00    0.00    0.00    0.00    0.00    0.00    0.00    0.00    0.00
08:45:14 PM  all  100.00    0.00    0.00    0.00    0.00    0.00    0.00    0.00    0.00
08:45:15 PM  all  100.00    0.00    0.00    0.00    0.00    0.00    0.00    0.00    0.00
08:45:16 PM  all    1.18    0.00    0.10    0.00    0.00    0.00   98.72    0.00    0.00
08:45:17 PM  all  100.00    0.00    0.00    0.00    0.00    0.00    0.00    0.00    0.00
08:45:18 PM  all    5.16    0.00    0.00    0.00    0.00    0.00   94.84    0.00    0.00
08:45:19 PM  all   15.62    0.00    0.00    0.00    0.00    0.00   84.38    0.00    0.00
08:45:20 PM  all   94.12    0.00    5.88    0.00    0.00    0.00    0.00    0.00    0.00
08:45:21 PM  all  100.00    0.00    0.00    0.00    0.00    0.00    0.00    0.00    0.00
08:45:22 PM  all  100.00    0.00    0.00    0.00    0.00    0.00    0.00    0.00    0.00
08:45:23 PM  all  100.00    0.00    0.00    0.00    0.00    0.00    0.00    0.00    0.00
08:45:24 PM  all  100.00    0.00    0.00    0.00    0.00    0.00    0.00    0.00    0.00
08:45:26 PM  all  100.00    0.00    0.00    0.00    0.00    0.00    0.00    0.00    0.00
08:45:27 PM  all    2.38    0.00    0.00    0.00    0.00    0.00   97.62    0.00    0.00
08:45:28 PM  all   18.18    0.00    0.00    0.00    0.00    0.00   81.82    0.00    0.00
08:45:29 PM  all  100.00    0.00    0.00    0.00    0.00    0.00    0.00    0.00    0.00
08:45:30 PM  all  100.00    0.00    0.00    0.00    0.00    0.00    0.00    0.00    0.00
08:45:31 PM  all    4.18    0.00    0.00    0.00    0.00    0.00   95.82    0.00    0.00
08:45:32 PM  all  100.00    0.00    0.00    0.00    0.00    0.00    0.00    0.00    0.00
08:45:33 PM  all  100.00    0.00    0.00    0.00    0.00    0.00    0.00    0.00    0.00
08:45:34 PM  all    4.86    0.00    0.00    0.00    0.00    0.00   95.14    0.00    0.00
08:45:35 PM  all  100.00    0.00    0.00    0.00    0.00    0.00    0.00    0.00    0.00
08:45:36 PM  all  100.00    0.00    0.00    0.00    0.00    0.00    0.00    0.00    0.00
08:45:37 PM  all    4.98    0.00    0.00    0.00    0.00    0.00   95.02    0.00    0.00
08:45:38 PM  all   20.90    0.00    0.00    0.00    0.00    0.00   79.10    0.00    0.00
08:45:39 PM  all   10.49    0.00    0.00    0.00    0.00    0.00   89.51    0.00    0.00
08:45:40 PM  all  100.00    0.00    0.00    0.00    0.00    0.00    0.00    0.00    0.00
08:45:41 PM  all    4.13    0.00    0.00    0.00    0.00    0.00   95.87    0.00    0.00
08:45:43 PM  all   26.56    0.00    1.56    0.00    0.00    0.00   71.88    0.00    0.00
08:45:44 PM  all    9.09    0.00    0.00    0.00    0.00    0.00   90.91    0.00    0.00
08:45:45 PM  all  100.00    0.00    0.00    0.00    0.00    0.00    0.00    0.00    0.00
08:45:46 PM  all  100.00    0.00    0.00    0.00    0.00    0.00    0.00    0.00    0.00
08:45:47 PM  all  100.00    0.00    0.00    0.00    0.00    0.00    0.00    0.00    0.00
08:45:48 PM  all  100.00    0.00    0.00    0.00    0.00    0.00    0.00    0.00    0.00
08:45:49 PM  all    3.98    0.00    0.00    0.00    0.00    0.00   96.02    0.00    0.00
08:45:50 PM  all  100.00    0.00    0.00    0.00    0.00    0.00    0.00    0.00    0.00
08:45:51 PM  all   93.33    0.00    6.67    0.00    0.00    0.00    0.00    0.00    0.00
08:45:52 PM  all    4.19    0.00    0.00    0.00    0.00    0.00   95.81    0.00    0.00
08:45:53 PM  all  100.00    0.00    0.00    0.00    0.00    0.00    0.00    0.00    0.00
08:45:54 PM  all    8.48    0.00    0.00    0.00    0.00    0.00   91.52    0.00    0.00
08:45:55 PM  all  100.00    0.00    0.00    0.00    0.00    0.00    0.00    0.00    0.00
08:45:56 PM  all    5.65    0.00    0.00    0.00    0.00    0.00   94.35    0.00    0.00
08:45:57 PM  all  100.00    0.00    0.00    0.00    0.00    0.00    0.00    0.00    0.00
08:45:58 PM  all  100.00    0.00    0.00    0.00    0.00    0.00    0.00    0.00    0.00
08:45:59 PM  all    4.18    0.00    0.00    0.00    0.00    0.00   95.82    0.00    0.00
08:46:00 PM  all  100.00    0.00    0.00    0.00    0.00    0.00    0.00    0.00    0.00
08:46:01 PM  all    8.33    0.00    0.00    0.00    0.00    0.00   91.67    0.00    0.00
08:46:02 PM  all  100.00    0.00    0.00    0.00    0.00    0.00    0.00    0.00    0.00
08:46:04 PM  all   10.96    0.00    0.00    0.00    0.00    0.00   89.04    0.00    0.00
08:46:05 PM  all    7.92    0.00    0.00    0.00    0.00    0.00   92.08    0.00    0.00
08:46:06 PM  all   53.57    0.00    3.57    0.00    0.00    0.00   42.86    0.00    0.00
08:46:07 PM  all  100.00    0.00    0.00    0.00    0.00    0.00    0.00    0.00    0.00
08:46:08 PM  all  100.00    0.00    0.00    0.00    0.00    0.00    0.00    0.00    0.00
08:46:09 PM  all    5.05    0.00    0.00    0.00    0.00    0.00   94.95    0.00    0.00
08:46:10 PM  all  100.00    0.00    0.00    0.00    0.00    0.00    0.00    0.00    0.00
08:46:11 PM  all  100.00    0.00    0.00    0.00    0.00    0.00    0.00    0.00    0.00
08:46:12 PM  all  100.00    0.00    0.00    0.00    0.00    0.00    0.00    0.00    0.00
08:46:13 PM  all  100.00    0.00    0.00    0.00    0.00    0.00    0.00    0.00    0.00
08:46:14 PM  all    2.99    0.00    0.00    0.00    0.00    0.00   97.01    0.00    0.00
08:46:15 PM  all  100.00    0.00    0.00    0.00    0.00    0.00    0.00    0.00    0.00
08:46:16 PM  all    6.88    0.00    0.00    0.00    0.00    0.00   93.12    0.00    0.00
08:46:18 PM  all  100.00    0.00    0.00    0.00    0.00    0.00    0.00    0.00    0.00
08:46:19 PM  all  100.00    0.00    0.00    0.00    0.00    0.00    0.00    0.00    0.00
08:46:20 PM  all  100.00    0.00    0.00    0.00    0.00    0.00    0.00    0.00    0.00
08:46:21 PM  all    3.74    0.00    0.00    0.00    0.00    0.00   96.26    0.00    0.00
08:46:22 PM  all  100.00    0.00    0.00    0.00    0.00    0.00    0.00    0.00    0.00
08:46:23 PM  all  100.00    0.00    0.00    0.00    0.00    0.00    0.00    0.00    0.00
08:46:24 PM  all  100.00    0.00    0.00    0.00    0.00    0.00    0.00    0.00    0.00
08:46:25 PM  all  100.00    0.00    0.00    0.00    0.00    0.00    0.00    0.00    0.00
08:46:26 PM  all  100.00    0.00    0.00    0.00    0.00    0.00    0.00    0.00    0.00
08:46:27 PM  all  100.00    0.00    0.00    0.00    0.00    0.00    0.00    0.00    0.00
08:46:28 PM  all  100.00    0.00    0.00    0.00    0.00    0.00    0.00    0.00    0.00
08:46:29 PM  all  100.00    0.00    0.00    0.00    0.00    0.00    0.00    0.00    0.00
08:46:30 PM  all    1.49    0.00    0.00    0.00    0.00    0.00   98.51    0.00    0.00
08:46:31 PM  all  100.00    0.00    0.00    0.00    0.00    0.00    0.00    0.00    0.00
08:46:32 PM  all   35.53    0.00    0.00    0.00    0.00    0.00   64.47    0.00    0.00
08:46:33 PM  all   81.15    0.00    0.00    0.00    0.00    0.00   18.85    0.00    0.00
08:46:34 PM  all  100.00    0.00    0.00    0.00    0.00    0.00    0.00    0.00    0.00
08:46:35 PM  all  100.00    0.00    0.00    0.00    0.00    0.00    0.00    0.00    0.00
08:46:36 PM  all  100.00    0.00    0.00    0.00    0.00    0.00    0.00    0.00    0.00
08:46:37 PM  all   86.21    0.00    0.00    0.00    0.00    0.00   13.79    0.00    0.00
08:46:38 PM  all  100.00    0.00    0.00    0.00    0.00    0.00    0.00    0.00    0.00
08:46:39 PM  all   97.78    0.00    0.00    0.00    0.00    0.00    2.22    0.00    0.00
08:46:41 PM  all  100.00    0.00    0.00    0.00    0.00    0.00    0.00    0.00    0.00
08:46:42 PM  all  100.00    0.00    0.00    0.00    0.00    0.00    0.00    0.00    0.00
08:46:43 PM  all    5.09    0.00    0.00    0.00    0.00    0.00   94.91    0.00    0.00
08:46:44 PM  all  100.00    0.00    0.00    0.00    0.00    0.00    0.00    0.00    0.00
08:46:45 PM  all  100.00    0.00    0.00    0.00    0.00    0.00    0.00    0.00    0.00
08:46:46 PM  all  100.00    0.00    0.00    0.00    0.00    0.00    0.00    0.00    0.00
08:46:47 PM  all  100.00    0.00    0.00    0.00    0.00    0.00    0.00    0.00    0.00
08:46:48 PM  all  100.00    0.00    0.00    0.00    0.00    0.00    0.00    0.00    0.00
08:46:49 PM  all  100.00    0.00    0.00    0.00    0.00    0.00    0.00    0.00    0.00
08:46:50 PM  all  100.00    0.00    0.00    0.00    0.00    0.00    0.00    0.00    0.00
08:46:51 PM  all  100.00    0.00    0.00    0.00    0.00    0.00    0.00    0.00    0.00
08:46:52 PM  all  100.00    0.00    0.00    0.00    0.00    0.00    0.00    0.00    0.00
08:46:53 PM  all  100.00    0.00    0.00    0.00    0.00    0.00    0.00    0.00    0.00
08:46:55 PM  all  100.00    0.00    0.00    0.00    0.00    0.00    0.00    0.00    0.00
08:46:56 PM  all  100.00    0.00    0.00    0.00    0.00    0.00    0.00    0.00    0.00
08:46:57 PM  all  100.00    0.00    0.00    0.00    0.00    0.00    0.00    0.00    0.00
08:46:58 PM  all   93.33    0.00    6.67    0.00    0.00    0.00    0.00    0.00    0.00
08:46:59 PM  all  100.00    0.00    0.00    0.00    0.00    0.00    0.00    0.00    0.00
08:47:00 PM  all   92.86    0.00    7.14    0.00    0.00    0.00    0.00    0.00    0.00
08:47:01 PM  all  100.00    0.00    0.00    0.00    0.00    0.00    0.00    0.00    0.00
08:47:02 PM  all    0.80    0.00    0.06    0.00    0.00    0.00   99.15    0.00    0.00
08:47:03 PM  all   13.82    0.00    0.00    0.00    0.00    0.00   86.18    0.00    0.00
08:47:04 PM  all  100.00    0.00    0.00    0.00    0.00    0.00    0.00    0.00    0.00
08:47:05 PM  all    5.32    0.00    0.00    0.00    0.00    0.00   94.68    0.00    0.00
08:47:06 PM  all   11.57    0.00    0.00    0.00    0.00    0.00   88.43    0.00    0.00
08:47:07 PM  all  100.00    0.00    0.00    0.00    0.00    0.00    0.00    0.00    0.00
08:47:08 PM  all  100.00    0.00    0.00    0.00    0.00    0.00    0.00    0.00    0.00
08:47:09 PM  all  100.00    0.00    0.00    0.00    0.00    0.00    0.00    0.00    0.00
08:47:10 PM  all    4.53    0.00    0.00    0.00    0.00    0.00   95.47    0.00    0.00
08:47:12 PM  all  100.00    0.00    0.00    0.00    0.00    0.00    0.00    0.00    0.00
08:47:13 PM  all    8.75    0.00    0.00    0.00    0.00    0.00   91.25    0.00    0.00
08:47:14 PM  all  100.00    0.00    0.00    0.00    0.00    0.00    0.00    0.00    0.00
08:47:15 PM  all  100.00    0.00    0.00    0.00    0.00    0.00    0.00    0.00    0.00
08:47:16 PM  all  100.00    0.00    0.00    0.00    0.00    0.00    0.00    0.00    0.00
08:47:17 PM  all  100.00    0.00    0.00    0.00    0.00    0.00    0.00    0.00    0.00
08:47:18 PM  all  100.00    0.00    0.00    0.00    0.00    0.00    0.00    0.00    0.00
08:47:19 PM  all  100.00    0.00    0.00    0.00    0.00    0.00    0.00    0.00    0.00
08:47:20 PM  all    2.10    0.00    0.00    0.00    0.00    0.00   97.90    0.00    0.00
08:47:21 PM  all  100.00    0.00    0.00    0.00    0.00    0.00    0.00    0.00    0.00
08:47:22 PM  all  100.00    0.00    0.00    0.00    0.00    0.00    0.00    0.00    0.00
08:47:23 PM  all  100.00    0.00    0.00    0.00    0.00    0.00    0.00    0.00    0.00
08:47:24 PM  all  100.00    0.00    0.00    0.00    0.00    0.00    0.00    0.00    0.00
08:47:25 PM  all  100.00    0.00    0.00    0.00    0.00    0.00    0.00    0.00    0.00
08:47:26 PM  all    2.44    0.00    0.00    0.00    0.00    0.00   97.56    0.00    0.00
08:47:27 PM  all   21.43    0.00    0.00    0.00    0.00    0.00   78.57    0.00    0.00
08:47:29 PM  all  100.00    0.00    0.00    0.00    0.00    0.00    0.00    0.00    0.00
08:47:30 PM  all    6.64    0.00    0.47    0.00    0.00    0.00   92.89    0.00    0.00
08:47:31 PM  all  100.00    0.00    0.00    0.00    0.00    0.00    0.00    0.00    0.00
08:47:32 PM  all   93.33    0.00    6.67    0.00    0.00    0.00    0.00    0.00    0.00
08:47:33 PM  all  100.00    0.00    0.00    0.00    0.00    0.00    0.00    0.00    0.00
08:47:34 PM  all  100.00    0.00    0.00    0.00    0.00    0.00    0.00    0.00    0.00
08:47:35 PM  all  100.00    0.00    0.00    0.00    0.00    0.00    0.00    0.00    0.00
08:47:36 PM  all    2.46    0.00    0.00    0.00    0.00    0.00   97.54    0.00    0.00
08:47:37 PM  all  100.00    0.00    0.00    0.00    0.00    0.00    0.00    0.00    0.00
08:47:38 PM  all  100.00    0.00    0.00    0.00    0.00    0.00    0.00    0.00    0.00
08:47:39 PM  all  100.00    0.00    0.00    0.00    0.00    0.00    0.00    0.00    0.00
08:47:40 PM  all  100.00    0.00    0.00    0.00    0.00    0.00    0.00    0.00    0.00
08:47:41 PM  all    2.99    0.00    0.00    0.00    0.00    0.00   97.01    0.00    0.00
08:47:42 PM  all  100.00    0.00    0.00    0.00    0.00    0.00    0.00    0.00    0.00
08:47:43 PM  all  100.00    0.00    0.00    0.00    0.00    0.00    0.00    0.00    0.00
08:47:44 PM  all  100.00    0.00    0.00    0.00    0.00    0.00    0.00    0.00    0.00
08:47:45 PM  all  100.00    0.00    0.00    0.00    0.00    0.00    0.00    0.00    0.00
08:47:46 PM  all   30.21    0.00    0.00    0.00    0.00    0.00   69.79    0.00    0.00
08:47:47 PM  all  100.00    0.00    0.00    0.00    0.00    0.00    0.00    0.00    0.00
08:47:48 PM  all  100.00    0.00    0.00    0.00    0.00    0.00    0.00    0.00    0.00
08:47:49 PM  all  100.00    0.00    0.00    0.00    0.00    0.00    0.00    0.00    0.00
08:47:50 PM  all  100.00    0.00    0.00    0.00    0.00    0.00    0.00    0.00    0.00
08:47:51 PM  all   89.81    0.00    0.00    0.00    0.00    0.00   10.19    0.00    0.00
08:47:52 PM  all  100.00    0.00    0.00    0.00    0.00    0.00    0.00    0.00    0.00
08:47:53 PM  all  100.00    0.00    0.00    0.00    0.00    0.00    0.00    0.00    0.00
08:47:55 PM  all  100.00    0.00    0.00    0.00    0.00    0.00    0.00    0.00    0.00
08:47:56 PM  all  100.00    0.00    0.00    0.00    0.00    0.00    0.00    0.00    0.00
08:47:57 PM  all  100.00    0.00    0.00    0.00    0.00    0.00    0.00    0.00    0.00
08:47:58 PM  all    2.50    0.00    0.00    0.00    0.00    0.00   97.50    0.00    0.00
08:47:59 PM  all  100.00    0.00    0.00    0.00    0.00    0.00    0.00    0.00    0.00
08:48:00 PM  all   10.49    0.00    0.00    0.00    0.00    0.00   89.51    0.00    0.00
08:48:01 PM  all   11.11    0.00    0.00    0.00    0.00    0.00   88.89    0.00    0.00
08:48:02 PM  all   12.82    0.00    0.00    0.00    0.00    0.00   87.18    0.00    0.00
08:48:03 PM  all   11.61    0.00    0.89    0.00    0.00    0.00   87.50    0.00    0.00
08:48:04 PM  all   20.83    0.00    1.39    0.00    0.00    0.00   77.78    0.00    0.00
08:48:05 PM  all  100.00    0.00    0.00    0.00    0.00    0.00    0.00    0.00    0.00
08:48:06 PM  all  100.00    0.00    0.00    0.00    0.00    0.00    0.00    0.00    0.00
08:48:07 PM  all  100.00    0.00    0.00    0.00    0.00    0.00    0.00    0.00    0.00
08:48:08 PM  all  100.00    0.00    0.00    0.00    0.00    0.00    0.00    0.00    0.00
08:48:09 PM  all  100.00    0.00    0.00    0.00    0.00    0.00    0.00    0.00    0.00
08:48:11 PM  all  100.00    0.00    0.00    0.00    0.00    0.00    0.00    0.00    0.00
08:48:12 PM  all    1.69    0.00    0.00    0.00    0.00    0.00   98.31    0.00    0.00
08:48:13 PM  all  100.00    0.00    0.00    0.00    0.00    0.00    0.00    0.00    0.00
08:48:14 PM  all    7.28    0.00    0.00    0.00    0.00    0.00   92.72    0.00    0.00
08:48:15 PM  all   15.91    0.00    0.00    0.00    0.00    0.00   84.09    0.00    0.00
08:48:16 PM  all  100.00    0.00    0.00    0.00    0.00    0.00    0.00    0.00    0.00
08:48:17 PM  all  100.00    0.00    0.00    0.00    0.00    0.00    0.00    0.00    0.00
08:48:18 PM  all  100.00    0.00    0.00    0.00    0.00    0.00    0.00    0.00    0.00
08:48:19 PM  all  100.00    0.00    0.00    0.00    0.00    0.00    0.00    0.00    0.00
08:48:20 PM  all  100.00    0.00    0.00    0.00    0.00    0.00    0.00    0.00    0.00
08:48:22 PM  all  100.00    0.00    0.00    0.00    0.00    0.00    0.00    0.00    0.00
08:48:23 PM  all    2.05    0.00    0.00    0.00    0.00    0.00   97.95    0.00    0.00
08:48:24 PM  all  100.00    0.00    0.00    0.00    0.00    0.00    0.00    0.00    0.00
08:48:25 PM  all  100.00    0.00    0.00    0.00    0.00    0.00    0.00    0.00    0.00
08:48:26 PM  all  100.00    0.00    0.00    0.00    0.00    0.00    0.00    0.00    0.00
08:48:27 PM  all  100.00    0.00    0.00    0.00    0.00    0.00    0.00    0.00    0.00
08:48:28 PM  all  100.00    0.00    0.00    0.00    0.00    0.00    0.00    0.00    0.00
08:48:29 PM  all  100.00    0.00    0.00    0.00    0.00    0.00    0.00    0.00    0.00
08:48:30 PM  all    1.96    0.00    0.00    0.00    0.00    0.00   98.04    0.00    0.00
08:48:31 PM  all    8.11    0.00    0.00    0.00    0.00    0.00   91.89    0.00    0.00
08:48:32 PM  all   32.61    0.00    0.00    0.00    0.00    0.00   67.39    0.00    0.00
08:48:33 PM  all   20.51    0.00    0.00    0.00    0.00    0.00   79.49    0.00    0.00
08:48:34 PM  all  100.00    0.00    0.00    0.00    0.00    0.00    0.00    0.00    0.00
08:48:35 PM  all  100.00    0.00    0.00    0.00    0.00    0.00    0.00    0.00    0.00
08:48:36 PM  all  100.00    0.00    0.00    0.00    0.00    0.00    0.00    0.00    0.00
08:48:37 PM  all    3.06    0.00    0.00    0.00    0.00    0.00   96.94    0.00    0.00
08:48:39 PM  all  100.00    0.00    0.00    0.00    0.00    0.00    0.00    0.00    0.00
08:48:40 PM  all    6.67    0.00    0.00    0.00    0.00    0.00   93.33    0.00    0.00
08:48:41 PM  all  100.00    0.00    0.00    0.00    0.00    0.00    0.00    0.00    0.00
08:48:42 PM  all  100.00    0.00    0.00    0.00    0.00    0.00    0.00    0.00    0.00
08:48:43 PM  all  100.00    0.00    0.00    0.00    0.00    0.00    0.00    0.00    0.00
08:48:44 PM  all  100.00    0.00    0.00    0.00    0.00    0.00    0.00    0.00    0.00
08:48:45 PM  all  100.00    0.00    0.00    0.00    0.00    0.00    0.00    0.00    0.00
08:48:46 PM  all  100.00    0.00    0.00    0.00    0.00    0.00    0.00    0.00    0.00
08:48:47 PM  all  100.00    0.00    0.00    0.00    0.00    0.00    0.00    0.00    0.00
08:48:48 PM  all  100.00    0.00    0.00    0.00    0.00    0.00    0.00    0.00    0.00
08:48:49 PM  all   93.33    0.00    6.67    0.00    0.00    0.00    0.00    0.00    0.00
08:48:50 PM  all    1.54    0.00    0.00    0.00    0.00    0.00   98.46    0.00    0.00
08:48:51 PM  all   16.09    0.00    0.00    0.00    0.00    0.00   83.91    0.00    0.00
08:48:52 PM  all  100.00    0.00    0.00    0.00    0.00    0.00    0.00    0.00    0.00
08:48:54 PM  all  100.00    0.00    0.00    0.00    0.00    0.00    0.00    0.00    0.00
08:48:55 PM  all  100.00    0.00    0.00    0.00    0.00    0.00    0.00    0.00    0.00
08:48:56 PM  all  100.00    0.00    0.00    0.00    0.00    0.00    0.00    0.00    0.00
08:48:57 PM  all  100.00    0.00    0.00    0.00    0.00    0.00    0.00    0.00    0.00
08:48:58 PM  all  100.00    0.00    0.00    0.00    0.00    0.00    0.00    0.00    0.00
08:48:59 PM  all  100.00    0.00    0.00    0.00    0.00    0.00    0.00    0.00    0.00
08:49:00 PM  all  100.00    0.00    0.00    0.00    0.00    0.00    0.00    0.00    0.00
08:49:01 PM  all    1.86    0.00    0.00    0.00    0.00    0.00   98.14    0.00    0.00
08:49:02 PM  all  100.00    0.00    0.00    0.00    0.00    0.00    0.00    0.00    0.00
08:49:03 PM  all  100.00    0.00    0.00    0.00    0.00    0.00    0.00    0.00    0.00
08:49:04 PM  all    5.36    0.00    0.00    0.00    0.00    0.00   94.64    0.00    0.00
08:49:05 PM  all  100.00    0.00    0.00    0.00    0.00    0.00    0.00    0.00    0.00
08:49:06 PM  all  100.00    0.00    0.00    0.00    0.00    0.00    0.00    0.00    0.00
08:49:07 PM  all   93.33    0.00    6.67    0.00    0.00    0.00    0.00    0.00    0.00
08:49:08 PM  all  100.00    0.00    0.00    0.00    0.00    0.00    0.00    0.00    0.00
08:49:09 PM  all  100.00    0.00    0.00    0.00    0.00    0.00    0.00    0.00    0.00
08:49:10 PM  all  100.00    0.00    0.00    0.00    0.00    0.00    0.00    0.00    0.00
08:49:12 PM  all    2.23    0.00    0.00    0.00    0.00    0.00   97.77    0.00    0.00
08:49:13 PM  all  100.00    0.00    0.00    0.00    0.00    0.00    0.00    0.00    0.00
08:49:14 PM  all  100.00    0.00    0.00    0.00    0.00    0.00    0.00    0.00    0.00
08:49:15 PM  all  100.00    0.00    0.00    0.00    0.00    0.00    0.00    0.00    0.00
08:49:16 PM  all  100.00    0.00    0.00    0.00    0.00    0.00    0.00    0.00    0.00
08:49:17 PM  all    2.89    0.00    0.00    0.00    0.00    0.00   97.11    0.00    0.00
08:49:18 PM  all  100.00    0.00    0.00    0.00    0.00    0.00    0.00    0.00    0.00
08:49:19 PM  all  100.00    0.00    0.00    0.00    0.00    0.00    0.00    0.00    0.00
08:49:20 PM  all  100.00    0.00    0.00    0.00    0.00    0.00    0.00    0.00    0.00
08:49:21 PM  all  100.00    0.00    0.00    0.00    0.00    0.00    0.00    0.00    0.00
08:49:22 PM  all   22.15    0.00    0.00    0.00    0.00    0.00   77.85    0.00    0.00
08:49:23 PM  all  100.00    0.00    0.00    0.00    0.00    0.00    0.00    0.00    0.00
08:49:24 PM  all   99.00    0.00    1.00    0.00    0.00    0.00    0.00    0.00    0.00
08:49:25 PM  all   98.04    0.00    0.00    0.00    0.00    0.00    1.96    0.00    0.00
08:49:26 PM  all   99.01    0.00    0.99    0.00    0.00    0.00    0.00    0.00    0.00
08:49:27 PM  all  100.00    0.00    0.00    0.00    0.00    0.00    0.00    0.00    0.00
08:49:28 PM  all  100.00    0.00    0.00    0.00    0.00    0.00    0.00    0.00    0.00
08:49:29 PM  all  100.00    0.00    0.00    0.00    0.00    0.00    0.00    0.00    0.00
08:49:30 PM  all    5.30    0.00    0.00    0.00    0.00    0.00   94.70    0.00    0.00
08:49:31 PM  all  100.00    0.00    0.00    0.00    0.00    0.00    0.00    0.00    0.00
08:49:32 PM  all    7.22    0.00    0.00    0.00    0.00    0.00   92.78    0.00    0.00
08:49:33 PM  all  100.00    0.00    0.00    0.00    0.00    0.00    0.00    0.00    0.00
08:49:34 PM  all  100.00    0.00    0.00    0.00    0.00    0.00    0.00    0.00    0.00
08:49:35 PM  all    5.34    0.00    0.00    0.00    0.00    0.00   94.66    0.00    0.00
08:49:36 PM  all  100.00    0.00    0.00    0.00    0.00    0.00    0.00    0.00    0.00
08:49:37 PM  all  100.00    0.00    0.00    0.00    0.00    0.00    0.00    0.00    0.00
08:49:39 PM  all  100.00    0.00    0.00    0.00    0.00    0.00    0.00    0.00    0.00
08:49:40 PM  all  100.00    0.00    0.00    0.00    0.00    0.00    0.00    0.00    0.00
08:49:41 PM  all  100.00    0.00    0.00    0.00    0.00    0.00    0.00    0.00    0.00
08:49:42 PM  all  100.00    0.00    0.00    0.00    0.00    0.00    0.00    0.00    0.00
08:49:43 PM  all  100.00    0.00    0.00    0.00    0.00    0.00    0.00    0.00    0.00
08:49:44 PM  all  100.00    0.00    0.00    0.00    0.00    0.00    0.00    0.00    0.00
08:49:45 PM  all    1.57    0.00    0.00    0.00    0.00    0.00   98.43    0.00    0.00
08:49:46 PM  all   20.59    0.00    1.47    0.00    0.00    0.00   77.94    0.00    0.00
08:49:47 PM  all   12.61    0.00    0.00    0.00    0.00    0.00   87.39    0.00    0.00
08:49:48 PM  all    9.15    0.00    0.00    0.00    0.00    0.00   90.85    0.00    0.00
08:49:49 PM  all  100.00    0.00    0.00    0.00    0.00    0.00    0.00    0.00    0.00
08:49:50 PM  all    7.53    0.00    0.00    0.00    0.00    0.00   92.47    0.00    0.00
08:49:51 PM  all  100.00    0.00    0.00    0.00    0.00    0.00    0.00    0.00    0.00
08:49:52 PM  all  100.00    0.00    0.00    0.00    0.00    0.00    0.00    0.00    0.00
08:49:54 PM  all  100.00    0.00    0.00    0.00    0.00    0.00    0.00    0.00    0.00
08:49:55 PM  all  100.00    0.00    0.00    0.00    0.00    0.00    0.00    0.00    0.00
08:49:56 PM  all    3.11    0.00    0.00    0.00    0.00    0.00   96.89    0.00    0.00
08:49:57 PM  all  100.00    0.00    0.00    0.00    0.00    0.00    0.00    0.00    0.00
08:49:58 PM  all  100.00    0.00    0.00    0.00    0.00    0.00    0.00    0.00    0.00
08:49:59 PM  all  100.00    0.00    0.00    0.00    0.00    0.00    0.00    0.00    0.00
08:50:00 PM  all    3.15    0.00    0.00    0.00    0.00    0.00   96.85    0.00    0.00
08:50:01 PM  all   10.19    0.00    0.00    0.00    0.00    0.00   89.81    0.00    0.00
08:50:02 PM  all   93.33    0.00    6.67    0.00    0.00    0.00    0.00    0.00    0.00
08:50:03 PM  all  100.00    0.00    0.00    0.00    0.00    0.00    0.00    0.00    0.00
08:50:04 PM  all  100.00    0.00    0.00    0.00    0.00    0.00    0.00    0.00    0.00
08:50:05 PM  all  100.00    0.00    0.00    0.00    0.00    0.00    0.00    0.00    0.00
08:50:06 PM  all  100.00    0.00    0.00    0.00    0.00    0.00    0.00    0.00    0.00
08:50:07 PM  all  100.00    0.00    0.00    0.00    0.00    0.00    0.00    0.00    0.00
08:50:09 PM  all    1.89    0.00    0.00    0.00    0.00    0.00   98.11    0.00    0.00
08:50:10 PM  all  100.00    0.00    0.00    0.00    0.00    0.00    0.00    0.00    0.00
08:50:11 PM  all  100.00    0.00    0.00    0.00    0.00    0.00    0.00    0.00    0.00
08:50:12 PM  all    7.93    0.00    0.00    0.00    0.00    0.00   92.07    0.00    0.00
08:50:13 PM  all  100.00    0.00    0.00    0.00    0.00    0.00    0.00    0.00    0.00
08:50:14 PM  all    5.69    0.00    0.00    0.00    0.00    0.00   94.31    0.00    0.00
08:50:15 PM  all   93.33    0.00    6.67    0.00    0.00    0.00    0.00    0.00    0.00
08:50:16 PM  all    8.62    0.00    0.00    0.00    0.00    0.00   91.38    0.00    0.00
08:50:17 PM  all    8.00    0.00    0.00    0.00    0.00    0.00   92.00    0.00    0.00
08:50:18 PM  all  100.00    0.00    0.00    0.00    0.00    0.00    0.00    0.00    0.00
08:50:19 PM  all   92.86    0.00    7.14    0.00    0.00    0.00    0.00    0.00    0.00
08:50:20 PM  all  100.00    0.00    0.00    0.00    0.00    0.00    0.00    0.00    0.00
08:50:21 PM  all  100.00    0.00    0.00    0.00    0.00    0.00    0.00    0.00    0.00
08:50:22 PM  all  100.00    0.00    0.00    0.00    0.00    0.00    0.00    0.00    0.00
08:50:24 PM  all  100.00    0.00    0.00    0.00    0.00    0.00    0.00    0.00    0.00
08:50:25 PM  all  100.00    0.00    0.00    0.00    0.00    0.00    0.00    0.00    0.00
08:50:26 PM  all  100.00    0.00    0.00    0.00    0.00    0.00    0.00    0.00    0.00
08:50:27 PM  all    1.58    0.00    0.00    0.00    0.00    0.00   98.42    0.00    0.00
08:50:28 PM  all  100.00    0.00    0.00    0.00    0.00    0.00    0.00    0.00    0.00
08:50:29 PM  all  100.00    0.00    0.00    0.00    0.00    0.00    0.00    0.00    0.00
08:50:30 PM  all    4.93    0.00    0.00    0.00    0.00    0.00   95.07    0.00    0.00
08:50:31 PM  all  100.00    0.00    0.00    0.00    0.00    0.00    0.00    0.00    0.00
08:50:32 PM  all  100.00    0.00    0.00    0.00    0.00    0.00    0.00    0.00    0.00
08:50:33 PM  all  100.00    0.00    0.00    0.00    0.00    0.00    0.00    0.00    0.00
08:50:34 PM  all  100.00    0.00    0.00    0.00    0.00    0.00    0.00    0.00    0.00
08:50:35 PM  all  100.00    0.00    0.00    0.00    0.00    0.00    0.00    0.00    0.00
08:50:36 PM  all   17.08    0.00    0.00    0.00    0.00    0.00   82.92    0.00    0.00
08:50:37 PM  all  100.00    0.00    0.00    0.00    0.00    0.00    0.00    0.00    0.00
08:50:38 PM  all  100.00    0.00    0.00    0.00    0.00    0.00    0.00    0.00    0.00
08:50:39 PM  all   74.07    0.00    0.00    0.00    0.00    0.00   25.93    0.00    0.00
08:50:40 PM  all   92.16    0.00    0.00    0.00    0.00    0.00    7.84    0.00    0.00
08:50:41 PM  all   84.40    0.00    0.00    0.00    0.00    0.00   15.60    0.00    0.00
08:50:42 PM  all   76.36    0.00    0.00    0.00    0.00    0.00   23.64    0.00    0.00
08:50:43 PM  all   88.66    0.00    0.00    0.00    0.00    0.00   11.34    0.00    0.00
08:50:44 PM  all   70.69    0.00    0.00    0.00    0.00    0.00   29.31    0.00    0.00
08:50:45 PM  all  100.00    0.00    0.00    0.00    0.00    0.00    0.00    0.00    0.00
08:50:46 PM  all  100.00    0.00    0.00    0.00    0.00    0.00    0.00    0.00    0.00
08:50:47 PM  all  100.00    0.00    0.00    0.00    0.00    0.00    0.00    0.00    0.00
08:50:48 PM  all  100.00    0.00    0.00    0.00    0.00    0.00    0.00    0.00    0.00
08:50:50 PM  all    3.23    0.00    0.00    0.00    0.00    0.00   96.77    0.00    0.00
08:50:51 PM  all   61.54    0.00    0.00    0.00    0.00    0.00   38.46    0.00    0.00
08:50:52 PM  all   10.37    0.00    0.74    0.00    0.00    0.00   88.89    0.00    0.00
08:50:53 PM  all  100.00    0.00    0.00    0.00    0.00    0.00    0.00    0.00    0.00
08:50:54 PM  all  100.00    0.00    0.00    0.00    0.00    0.00    0.00    0.00    0.00
08:50:55 PM  all  100.00    0.00    0.00    0.00    0.00    0.00    0.00    0.00    0.00
08:50:56 PM  all  100.00    0.00    0.00    0.00    0.00    0.00    0.00    0.00    0.00
08:50:57 PM  all  100.00    0.00    0.00    0.00    0.00    0.00    0.00    0.00    0.00
08:50:58 PM  all  100.00    0.00    0.00    0.00    0.00    0.00    0.00    0.00    0.00
08:50:59 PM  all    2.08    0.00    0.00    0.00    0.00    0.00   97.92    0.00    0.00
08:51:00 PM  all  100.00    0.00    0.00    0.00    0.00    0.00    0.00    0.00    0.00
08:51:01 PM  all    8.82    0.00    0.49    0.00    0.00    0.00   90.69    0.00    0.00
08:51:02 PM  all   15.24    0.00    0.00    0.00    0.00    0.00   84.76    0.00    0.00
08:51:03 PM  all  100.00    0.00    0.00    0.00    0.00    0.00    0.00    0.00    0.00
08:51:04 PM  all  100.00    0.00    0.00    0.00    0.00    0.00    0.00    0.00    0.00
08:51:05 PM  all  100.00    0.00    0.00    0.00    0.00    0.00    0.00    0.00    0.00
08:51:07 PM  all  100.00    0.00    0.00    0.00    0.00    0.00    0.00    0.00    0.00
08:51:08 PM  all  100.00    0.00    0.00    0.00    0.00    0.00    0.00    0.00    0.00
08:51:09 PM  all    2.23    0.00    0.00    0.00    0.00    0.00   97.77    0.00    0.00
08:51:10 PM  all   14.00    0.00    0.00    0.00    0.00    0.00   86.00    0.00    0.00
08:51:11 PM  all  100.00    0.00    0.00    0.00    0.00    0.00    0.00    0.00    0.00
08:51:12 PM  all   12.16    0.00    0.00    0.00    0.00    0.00   87.84    0.00    0.00
08:51:13 PM  all  100.00    0.00    0.00    0.00    0.00    0.00    0.00    0.00    0.00
08:51:14 PM  all    5.28    0.00    0.00    0.00    0.00    0.00   94.72    0.00    0.00
08:51:15 PM  all  100.00    0.00    0.00    0.00    0.00    0.00    0.00    0.00    0.00
08:51:16 PM  all    8.02    0.00    0.53    0.00    0.00    0.00   91.44    0.00    0.00
08:51:17 PM  all   15.73    0.00    0.00    0.00    0.00    0.00   84.27    0.00    0.00
08:51:18 PM  all    8.00    0.00    0.00    0.00    0.00    0.00   92.00    0.00    0.00
08:51:19 PM  all  100.00    0.00    0.00    0.00    0.00    0.00    0.00    0.00    0.00
08:51:20 PM  all  100.00    0.00    0.00    0.00    0.00    0.00    0.00    0.00    0.00
08:51:21 PM  all  100.00    0.00    0.00    0.00    0.00    0.00    0.00    0.00    0.00
08:51:22 PM  all    3.89    0.00    0.00    0.00    0.00    0.00   96.11    0.00    0.00
08:51:23 PM  all   57.14    0.00    0.00    0.00    0.00    0.00   42.86    0.00    0.00
08:51:25 PM  all  100.00    0.00    0.00    0.00    0.00    0.00    0.00    0.00    0.00
08:51:26 PM  all  100.00    0.00    0.00    0.00    0.00    0.00    0.00    0.00    0.00
08:51:27 PM  all  100.00    0.00    0.00    0.00    0.00    0.00    0.00    0.00    0.00
08:51:28 PM  all  100.00    0.00    0.00    0.00    0.00    0.00    0.00    0.00    0.00
08:51:29 PM  all  100.00    0.00    0.00    0.00    0.00    0.00    0.00    0.00    0.00
08:51:30 PM  all    2.20    0.00    0.00    0.00    0.00    0.00   97.80    0.00    0.00
08:51:31 PM  all   13.13    0.00    1.01    0.00    0.00    0.00   85.86    0.00    0.00
08:51:32 PM  all  100.00    0.00    0.00    0.00    0.00    0.00    0.00    0.00    0.00
08:51:33 PM  all  100.00    0.00    0.00    0.00    0.00    0.00    0.00    0.00    0.00
08:51:34 PM  all    4.59    0.00    0.00    0.00    0.00    0.00   95.41    0.00    0.00
08:51:35 PM  all   40.54    0.00    0.00    0.00    0.00    0.00   59.46    0.00    0.00
08:51:36 PM  all  100.00    0.00    0.00    0.00    0.00    0.00    0.00    0.00    0.00
08:51:37 PM  all  100.00    0.00    0.00    0.00    0.00    0.00    0.00    0.00    0.00
08:51:39 PM  all  100.00    0.00    0.00    0.00    0.00    0.00    0.00    0.00    0.00
08:51:40 PM  all    2.98    0.00    0.00    0.00    0.00    0.00   97.02    0.00    0.00
08:51:41 PM  all  100.00    0.00    0.00    0.00    0.00    0.00    0.00    0.00    0.00
08:51:42 PM  all  100.00    0.00    0.00    0.00    0.00    0.00    0.00    0.00    0.00
08:51:43 PM  all    5.84    0.00    0.00    0.00    0.00    0.00   94.16    0.00    0.00
08:51:44 PM  all  100.00    0.00    0.00    0.00    0.00    0.00    0.00    0.00    0.00
08:51:45 PM  all  100.00    0.00    0.00    0.00    0.00    0.00    0.00    0.00    0.00
08:51:46 PM  all    3.60    0.00    0.00    0.00    0.00    0.00   96.40    0.00    0.00
08:51:47 PM  all  100.00    0.00    0.00    0.00    0.00    0.00    0.00    0.00    0.00
08:51:48 PM  all   93.75    0.00    6.25    0.00    0.00    0.00    0.00    0.00    0.00
08:51:49 PM  all  100.00    0.00    0.00    0.00    0.00    0.00    0.00    0.00    0.00
08:51:50 PM  all  100.00    0.00    0.00    0.00    0.00    0.00    0.00    0.00    0.00
08:51:51 PM  all  100.00    0.00    0.00    0.00    0.00    0.00    0.00    0.00    0.00
08:51:52 PM  all  100.00    0.00    0.00    0.00    0.00    0.00    0.00    0.00    0.00
08:51:53 PM  all    2.33    0.00    0.00    0.00    0.00    0.00   97.67    0.00    0.00
08:51:54 PM  all  100.00    0.00    0.00    0.00    0.00    0.00    0.00    0.00    0.00
08:51:56 PM  all  100.00    0.00    0.00    0.00    0.00    0.00    0.00    0.00    0.00
08:51:57 PM  all    3.48    0.00    0.00    0.00    0.00    0.00   96.52    0.00    0.00
08:51:58 PM  all  100.00    0.00    0.00    0.00    0.00    0.00    0.00    0.00    0.00
08:51:59 PM  all  100.00    0.00    0.00    0.00    0.00    0.00    0.00    0.00    0.00
08:52:00 PM  all  100.00    0.00    0.00    0.00    0.00    0.00    0.00    0.00    0.00
08:52:01 PM  all    4.63    0.00    0.00    0.00    0.00    0.00   95.37    0.00    0.00
08:52:02 PM  all   15.45    0.00    0.00    0.00    0.00    0.00   84.55    0.00    0.00
08:52:03 PM  all    8.89    0.00    0.00    0.00    0.00    0.00   91.11    0.00    0.00
08:52:04 PM  all   43.33    0.00    0.00    0.00    0.00    0.00   56.67    0.00    0.00
08:52:05 PM  all  100.00    0.00    0.00    0.00    0.00    0.00    0.00    0.00    0.00
08:52:06 PM  all    6.44    0.00    0.00    0.00    0.00    0.00   93.56    0.00    0.00
08:52:07 PM  all  100.00    0.00    0.00    0.00    0.00    0.00    0.00    0.00    0.00
08:52:08 PM  all  100.00    0.00    0.00    0.00    0.00    0.00    0.00    0.00    0.00
08:52:09 PM  all   42.92    0.00    0.00    0.00    0.00    0.00   57.08    0.00    0.00
08:52:10 PM  all   98.96    0.00    1.04    0.00    0.00    0.00    0.00    0.00    0.00
08:52:11 PM  all   48.82    0.00    0.00    0.00    0.00    0.00   51.18    0.00    0.00
08:52:12 PM  all  100.00    0.00    0.00    0.00    0.00    0.00    0.00    0.00    0.00
08:52:13 PM  all   88.18    0.00    0.91    0.00    0.00    0.00   10.91    0.00    0.00
08:52:14 PM  all   99.00    0.00    1.00    0.00    0.00    0.00    0.00    0.00    0.00
08:52:15 PM  all  100.00    0.00    0.00    0.00    0.00    0.00    0.00    0.00    0.00
08:52:16 PM  all  100.00    0.00    0.00    0.00    0.00    0.00    0.00    0.00    0.00
08:52:17 PM  all  100.00    0.00    0.00    0.00    0.00    0.00    0.00    0.00    0.00
08:52:19 PM  all  100.00    0.00    0.00    0.00    0.00    0.00    0.00    0.00    0.00
08:52:20 PM  all  100.00    0.00    0.00    0.00    0.00    0.00    0.00    0.00    0.00
08:52:21 PM  all  100.00    0.00    0.00    0.00    0.00    0.00    0.00    0.00    0.00
08:52:22 PM  all  100.00    0.00    0.00    0.00    0.00    0.00    0.00    0.00    0.00
08:52:23 PM  all  100.00    0.00    0.00    0.00    0.00    0.00    0.00    0.00    0.00
08:52:24 PM  all  100.00    0.00    0.00    0.00    0.00    0.00    0.00    0.00    0.00
08:52:25 PM  all  100.00    0.00    0.00    0.00    0.00    0.00    0.00    0.00    0.00
08:52:26 PM  all    1.66    0.00    0.00    0.00    0.00    0.00   98.34    0.00    0.00
08:52:27 PM  all  100.00    0.00    0.00    0.00    0.00    0.00    0.00    0.00    0.00
08:52:28 PM  all  100.00    0.00    0.00    0.00    0.00    0.00    0.00    0.00    0.00
08:52:29 PM  all  100.00    0.00    0.00    0.00    0.00    0.00    0.00    0.00    0.00
08:52:30 PM  all    2.87    0.00    0.00    0.00    0.00    0.00   97.13    0.00    0.00
08:52:31 PM  all   34.04    0.00    0.00    0.00    0.00    0.00   65.96    0.00    0.00
08:52:32 PM  all  100.00    0.00    0.00    0.00    0.00    0.00    0.00    0.00    0.00
08:52:33 PM  all  100.00    0.00    0.00    0.00    0.00    0.00    0.00    0.00    0.00
08:52:35 PM  all    3.72    0.00    0.00    0.00    0.00    0.00   96.28    0.00    0.00
08:52:36 PM  all  100.00    0.00    0.00    0.00    0.00    0.00    0.00    0.00    0.00
08:52:37 PM  all    7.53    0.00    0.00    0.00    0.00    0.00   92.47    0.00    0.00
08:52:38 PM  all  100.00    0.00    0.00    0.00    0.00    0.00    0.00    0.00    0.00
08:52:39 PM  all  100.00    0.00    0.00    0.00    0.00    0.00    0.00    0.00    0.00
08:52:40 PM  all  100.00    0.00    0.00    0.00    0.00    0.00    0.00    0.00    0.00
08:52:41 PM  all    4.56    0.00    0.00    0.00    0.00    0.00   95.44    0.00    0.00
08:52:42 PM  all   93.33    0.00    6.67    0.00    0.00    0.00    0.00    0.00    0.00
08:52:43 PM  all  100.00    0.00    0.00    0.00    0.00    0.00    0.00    0.00    0.00
08:52:44 PM  all  100.00    0.00    0.00    0.00    0.00    0.00    0.00    0.00    0.00
08:52:45 PM  all  100.00    0.00    0.00    0.00    0.00    0.00    0.00    0.00    0.00
08:52:46 PM  all  100.00    0.00    0.00    0.00    0.00    0.00    0.00    0.00    0.00
08:52:47 PM  all  100.00    0.00    0.00    0.00    0.00    0.00    0.00    0.00    0.00
08:52:48 PM  all  100.00    0.00    0.00    0.00    0.00    0.00    0.00    0.00    0.00
08:52:50 PM  all  100.00    0.00    0.00    0.00    0.00    0.00    0.00    0.00    0.00
08:52:51 PM  all  100.00    0.00    0.00    0.00    0.00    0.00    0.00    0.00    0.00
08:52:52 PM  all  100.00    0.00    0.00    0.00    0.00    0.00    0.00    0.00    0.00
08:52:53 PM  all  100.00    0.00    0.00    0.00    0.00    0.00    0.00    0.00    0.00
08:52:54 PM  all  100.00    0.00    0.00    0.00    0.00    0.00    0.00    0.00    0.00
08:52:55 PM  all    1.10    0.00    0.00    0.00    0.00    0.00   98.90    0.00    0.00
08:52:56 PM  all  100.00    0.00    0.00    0.00    0.00    0.00    0.00    0.00    0.00
08:52:57 PM  all  100.00    0.00    0.00    0.00    0.00    0.00    0.00    0.00    0.00
08:52:58 PM  all  100.00    0.00    0.00    0.00    0.00    0.00    0.00    0.00    0.00
08:52:59 PM  all  100.00    0.00    0.00    0.00    0.00    0.00    0.00    0.00    0.00
08:53:00 PM  all  100.00    0.00    0.00    0.00    0.00    0.00    0.00    0.00    0.00
08:53:01 PM  all  100.00    0.00    0.00    0.00    0.00    0.00    0.00    0.00    0.00
08:53:02 PM  all    1.99    0.00    0.00    0.00    0.00    0.00   98.01    0.00    0.00
08:53:04 PM  all   11.48    0.00    0.00    0.00    0.00    0.00   88.52    0.00    0.00
08:53:05 PM  all  100.00    0.00    0.00    0.00    0.00    0.00    0.00    0.00    0.00
08:53:06 PM  all  100.00    0.00    0.00    0.00    0.00    0.00    0.00    0.00    0.00
08:53:07 PM  all  100.00    0.00    0.00    0.00    0.00    0.00    0.00    0.00    0.00
08:53:08 PM  all  100.00    0.00    0.00    0.00    0.00    0.00    0.00    0.00    0.00
08:53:09 PM  all  100.00    0.00    0.00    0.00    0.00    0.00    0.00    0.00    0.00
08:53:10 PM  all  100.00    0.00    0.00    0.00    0.00    0.00    0.00    0.00    0.00
08:53:11 PM  all  100.00    0.00    0.00    0.00    0.00    0.00    0.00    0.00    0.00
08:53:12 PM  all  100.00    0.00    0.00    0.00    0.00    0.00    0.00    0.00    0.00
08:53:13 PM  all  100.00    0.00    0.00    0.00    0.00    0.00    0.00    0.00    0.00
08:53:14 PM  all  100.00    0.00    0.00    0.00    0.00    0.00    0.00    0.00    0.00
08:53:15 PM  all  100.00    0.00    0.00    0.00    0.00    0.00    0.00    0.00    0.00
08:53:16 PM  all    1.15    0.00    0.00    0.00    0.00    0.00   98.85    0.00    0.00
08:53:17 PM  all   13.86    0.00    0.99    0.00    0.00    0.00   85.15    0.00    0.00
08:53:19 PM  all  100.00    0.00    0.00    0.00    0.00    0.00    0.00    0.00    0.00
08:53:20 PM  all  100.00    0.00    0.00    0.00    0.00    0.00    0.00    0.00    0.00
08:53:21 PM  all  100.00    0.00    0.00    0.00    0.00    0.00    0.00    0.00    0.00
08:53:22 PM  all  100.00    0.00    0.00    0.00    0.00    0.00    0.00    0.00    0.00
08:53:23 PM  all  100.00    0.00    0.00    0.00    0.00    0.00    0.00    0.00    0.00
08:53:24 PM  all  100.00    0.00    0.00    0.00    0.00    0.00    0.00    0.00    0.00
08:53:25 PM  all  100.00    0.00    0.00    0.00    0.00    0.00    0.00    0.00    0.00
08:53:26 PM  all    3.68    0.00    0.00    0.00    0.00    0.00   96.32    0.00    0.00
08:53:27 PM  all   56.50    0.00    0.00    0.00    0.00    0.00   43.50    0.00    0.00
08:53:28 PM  all   99.00    0.00    0.00    0.00    0.00    0.00    1.00    0.00    0.00
08:53:29 PM  all   99.01    0.00    0.00    0.00    0.00    0.00    0.99    0.00    0.00
08:53:30 PM  all  100.00    0.00    0.00    0.00    0.00    0.00    0.00    0.00    0.00
08:53:31 PM  all   95.19    0.00    0.96    0.00    0.00    0.00    3.85    0.00    0.00
08:53:32 PM  all  100.00    0.00    0.00    0.00    0.00    0.00    0.00    0.00    0.00
08:53:33 PM  all   99.00    0.00    1.00    0.00    0.00    0.00    0.00    0.00    0.00
08:53:34 PM  all  100.00    0.00    0.00    0.00    0.00    0.00    0.00    0.00    0.00
08:53:35 PM  all  100.00    0.00    0.00    0.00    0.00    0.00    0.00    0.00    0.00
08:53:36 PM  all  100.00    0.00    0.00    0.00    0.00    0.00    0.00    0.00    0.00
08:53:37 PM  all  100.00    0.00    0.00    0.00    0.00    0.00    0.00    0.00    0.00
08:53:38 PM  all  100.00    0.00    0.00    0.00    0.00    0.00    0.00    0.00    0.00
08:53:39 PM  all  100.00    0.00    0.00    0.00    0.00    0.00    0.00    0.00    0.00
08:53:40 PM  all    3.03    0.00    0.19    0.00    0.00    0.00   96.78    0.00    0.00
08:53:41 PM  all  100.00    0.00    0.00    0.00    0.00    0.00    0.00    0.00    0.00
08:53:42 PM  all  100.00    0.00    0.00    0.00    0.00    0.00    0.00    0.00    0.00
08:53:44 PM  all  100.00    0.00    0.00    0.00    0.00    0.00    0.00    0.00    0.00
08:53:45 PM  all   93.33    0.00    6.67    0.00    0.00    0.00    0.00    0.00    0.00
08:53:46 PM  all  100.00    0.00    0.00    0.00    0.00    0.00    0.00    0.00    0.00
08:53:47 PM  all  100.00    0.00    0.00    0.00    0.00    0.00    0.00    0.00    0.00
08:53:48 PM  all  100.00    0.00    0.00    0.00    0.00    0.00    0.00    0.00    0.00
08:53:49 PM  all  100.00    0.00    0.00    0.00    0.00    0.00    0.00    0.00    0.00
08:53:50 PM  all    1.56    0.00    0.00    0.00    0.00    0.00   98.44    0.00    0.00
08:53:51 PM  all  100.00    0.00    0.00    0.00    0.00    0.00    0.00    0.00    0.00
08:53:52 PM  all  100.00    0.00    0.00    0.00    0.00    0.00    0.00    0.00    0.00
08:53:53 PM  all  100.00    0.00    0.00    0.00    0.00    0.00    0.00    0.00    0.00
08:53:54 PM  all  100.00    0.00    0.00    0.00    0.00    0.00    0.00    0.00    0.00
08:53:55 PM  all  100.00    0.00    0.00    0.00    0.00    0.00    0.00    0.00    0.00
08:53:56 PM  all  100.00    0.00    0.00    0.00    0.00    0.00    0.00    0.00    0.00
08:53:57 PM  all    2.29    0.00    0.00    0.00    0.00    0.00   97.71    0.00    0.00
08:53:59 PM  all  100.00    0.00    0.00    0.00    0.00    0.00    0.00    0.00    0.00
08:54:00 PM  all    5.86    0.00    0.00    0.00    0.00    0.00   94.14    0.00    0.00
08:54:01 PM  all    7.59    0.00    0.00    0.00    0.00    0.00   92.41    0.00    0.00
08:54:02 PM  all   15.89    0.00    0.00    0.00    0.00    0.00   84.11    0.00    0.00
08:54:03 PM  all  100.00    0.00    0.00    0.00    0.00    0.00    0.00    0.00    0.00
08:54:04 PM  all    8.09    0.00    0.00    0.00    0.00    0.00   91.91    0.00    0.00
08:54:05 PM  all  100.00    0.00    0.00    0.00    0.00    0.00    0.00    0.00    0.00
08:54:06 PM  all  100.00    0.00    0.00    0.00    0.00    0.00    0.00    0.00    0.00
08:54:07 PM  all  100.00    0.00    0.00    0.00    0.00    0.00    0.00    0.00    0.00
08:54:08 PM  all    4.12    0.00    0.00    0.00    0.00    0.00   95.88    0.00    0.00
08:54:09 PM  all   11.48    0.00    0.00    0.00    0.00    0.00   88.52    0.00    0.00
08:54:10 PM  all    7.04    0.00    0.50    0.00    0.00    0.00   92.46    0.00    0.00
08:54:11 PM  all   50.00    0.00    0.00    0.00    0.00    0.00   50.00    0.00    0.00
08:54:12 PM  all  100.00    0.00    0.00    0.00    0.00    0.00    0.00    0.00    0.00
08:54:13 PM  all  100.00    0.00    0.00    0.00    0.00    0.00    0.00    0.00    0.00
08:54:14 PM  all  100.00    0.00    0.00    0.00    0.00    0.00    0.00    0.00    0.00
08:54:16 PM  all    3.64    0.00    0.00    0.00    0.00    0.00   96.36    0.00    0.00
08:54:17 PM  all  100.00    0.00    0.00    0.00    0.00    0.00    0.00    0.00    0.00
08:54:18 PM  all    5.15    0.00    0.00    0.00    0.00    0.00   94.85    0.00    0.00
08:54:19 PM  all  100.00    0.00    0.00    0.00    0.00    0.00    0.00    0.00    0.00
08:54:20 PM  all  100.00    0.00    0.00    0.00    0.00    0.00    0.00    0.00    0.00
08:54:21 PM  all  100.00    0.00    0.00    0.00    0.00    0.00    0.00    0.00    0.00
08:54:22 PM  all  100.00    0.00    0.00    0.00    0.00    0.00    0.00    0.00    0.00
08:54:23 PM  all    3.25    0.00    0.23    0.00    0.00    0.00   96.52    0.00    0.00
08:54:24 PM  all   10.16    0.00    0.00    0.00    0.00    0.00   89.84    0.00    0.00
08:54:25 PM  all  100.00    0.00    0.00    0.00    0.00    0.00    0.00    0.00    0.00
08:54:26 PM  all  100.00    0.00    0.00    0.00    0.00    0.00    0.00    0.00    0.00
08:54:27 PM  all  100.00    0.00    0.00    0.00    0.00    0.00    0.00    0.00    0.00
08:54:28 PM  all  100.00    0.00    0.00    0.00    0.00    0.00    0.00    0.00    0.00
08:54:29 PM  all  100.00    0.00    0.00    0.00    0.00    0.00    0.00    0.00    0.00
08:54:30 PM  all  100.00    0.00    0.00    0.00    0.00    0.00    0.00    0.00    0.00
08:54:31 PM  all    2.09    0.00    0.15    0.00    0.00    0.00   97.76    0.00    0.00
08:54:33 PM  all  100.00    0.00    0.00    0.00    0.00    0.00    0.00    0.00    0.00
08:54:34 PM  all  100.00    0.00    0.00    0.00    0.00    0.00    0.00    0.00    0.00
08:54:35 PM  all  100.00    0.00    0.00    0.00    0.00    0.00    0.00    0.00    0.00
08:54:36 PM  all  100.00    0.00    0.00    0.00    0.00    0.00    0.00    0.00    0.00
08:54:37 PM  all  100.00    0.00    0.00    0.00    0.00    0.00    0.00    0.00    0.00
08:54:38 PM  all  100.00    0.00    0.00    0.00    0.00    0.00    0.00    0.00    0.00
08:54:39 PM  all   94.12    0.00    5.88    0.00    0.00    0.00    0.00    0.00    0.00
08:54:40 PM  all    1.62    0.00    0.00    0.00    0.00    0.00   98.38    0.00    0.00
08:54:41 PM  all  100.00    0.00    0.00    0.00    0.00    0.00    0.00    0.00    0.00
08:54:42 PM  all  100.00    0.00    0.00    0.00    0.00    0.00    0.00    0.00    0.00
08:54:43 PM  all  100.00    0.00    0.00    0.00    0.00    0.00    0.00    0.00    0.00
08:54:44 PM  all  100.00    0.00    0.00    0.00    0.00    0.00    0.00    0.00    0.00
08:54:45 PM  all  100.00    0.00    0.00    0.00    0.00    0.00    0.00    0.00    0.00
08:54:46 PM  all  100.00    0.00    0.00    0.00    0.00    0.00    0.00    0.00    0.00
08:54:47 PM  all  100.00    0.00    0.00    0.00    0.00    0.00    0.00    0.00    0.00
08:54:48 PM  all  100.00    0.00    0.00    0.00    0.00    0.00    0.00    0.00    0.00
08:54:50 PM  all  100.00    0.00    0.00    0.00    0.00    0.00    0.00    0.00    0.00
08:54:51 PM  all    1.62    0.00    0.00    0.00    0.00    0.00   98.38    0.00    0.00
08:54:52 PM  all    0.00    0.00    0.62    0.00    0.00    0.00   37.89    0.00   61.49
08:54:53 PM  all    0.00    0.00    0.00    0.00    0.00    0.00    0.00    0.00  100.00
08:54:54 PM  all    0.00    0.00    0.00    1.00    0.00    0.00    0.00    0.00   99.00
08:54:55 PM  all    0.00    0.00    0.00    0.00    0.00    0.00    0.00    0.00  100.00
08:54:56 PM  all    0.00    0.00    0.00    0.00    0.00    0.00    0.00    0.00  100.00
08:54:57 PM  all    0.00    0.00    0.00    0.00    0.00    0.00    0.00    0.00  100.00
08:54:58 PM  all    0.00    0.00    0.00    0.00    0.00    0.00    0.00    0.00  100.00
08:54:59 PM  all    0.00    0.00    0.00    0.00    0.00    0.00    0.00    0.00  100.00
08:55:00 PM  all    0.00    0.00    0.00    0.00    0.00    0.00    0.00    0.00  100.00
08:55:01 PM  all    0.00    0.00    0.81    0.00    0.00    0.00    9.76    0.00   89.43
08:55:02 PM  all    0.00    0.00    0.00    0.00    0.00    0.00   38.12    0.00   61.88
08:55:03 PM  all    0.00    0.00    0.00    0.00    0.00    0.00    0.00    0.00  100.00
08:55:04 PM  all    0.00    0.00    0.00    0.00    0.00    0.00    0.00    0.00  100.00
08:55:05 PM  all    0.00    0.00    0.00    3.00    0.00    0.00    0.00    0.00   97.00
08:55:06 PM  all    0.00    0.00    0.00    0.00    0.00    0.00    0.00    0.00  100.00
08:55:07 PM  all    0.00    0.00    0.00    0.00    0.00    0.00    0.00    0.00  100.00
08:55:08 PM  all    0.00    0.00    0.00    0.00    0.00    0.00    0.00    0.00  100.00
08:55:09 PM  all    0.00    0.00    0.00    0.00    0.00    0.00    0.00    0.00  100.00
08:55:10 PM  all    0.00    0.00    0.00    1.00    0.00    0.00    0.00    0.00   99.00
08:55:11 PM  all    0.00    0.00    0.00    0.00    0.00    0.00   16.67    0.00   83.33
08:55:12 PM  all    0.00    0.00    0.00    0.00    0.00    0.00   19.25    0.00   80.75
08:55:13 PM  all    0.00    0.00    0.00    0.00    0.00    0.00    0.00    0.00  100.00
08:55:14 PM  all    0.00    0.00    0.00    0.00    0.00    0.00    0.00    0.00  100.00
08:55:15 PM  all    0.00    0.00    0.00    0.00    0.00    0.00    0.00    0.00  100.00
08:55:16 PM  all    0.00    0.00    0.00    0.00    0.00    0.00    0.00    0.00  100.00
08:55:17 PM  all    0.00    0.00    0.00    0.00    0.00    0.00    0.00    0.00  100.00
08:55:18 PM  all    0.00    0.00    0.00    0.00    0.00    0.00    0.00    0.00  100.00
08:55:19 PM  all    0.00    0.00    0.00    0.00    0.00    0.00    0.00    0.00  100.00
08:55:20 PM  all    0.00    0.00    0.00    0.00    0.00    0.00    0.00    0.00  100.00
08:55:21 PM  all    0.00    0.00    0.00    1.00    0.00    0.00    0.00    0.00   99.00
08:55:22 PM  all    0.00    0.00    0.00    0.00    0.00    0.00    0.00    0.00  100.00
08:55:23 PM  all    0.00    0.00    0.00    0.00    0.00    0.00    0.00    0.00  100.00
08:55:24 PM  all    0.00    0.00    0.00    0.00    0.00    0.00    0.00    0.00  100.00
Average:     all   19.83    0.00    0.07    0.01    0.00    0.00   74.92    0.00    5.17
