Linux 3.8.0-19-generic (ip-10-34-167-107) 	06/07/2013 	_x86_64_	(1 CPU)

07:48:33 AM  CPU    %usr   %nice    %sys %iowait    %irq   %soft  %steal  %guest   %idle
07:48:34 AM  all   73.13    0.00    4.48    0.00    0.00    0.00    0.00    0.00   22.39
07:48:35 AM  all  100.00    0.00    0.00    0.00    0.00    0.00    0.00    0.00    0.00
07:48:36 AM  all  100.00    0.00    0.00    0.00    0.00    0.00    0.00    0.00    0.00
07:48:37 AM  all  100.00    0.00    0.00    0.00    0.00    0.00    0.00    0.00    0.00
07:48:38 AM  all  100.00    0.00    0.00    0.00    0.00    0.00    0.00    0.00    0.00
07:48:39 AM  all  100.00    0.00    0.00    0.00    0.00    0.00    0.00    0.00    0.00
07:48:40 AM  all   98.28    0.00    1.72    0.00    0.00    0.00    0.00    0.00    0.00
07:48:41 AM  all  100.00    0.00    0.00    0.00    0.00    0.00    0.00    0.00    0.00
07:48:42 AM  all  100.00    0.00    0.00    0.00    0.00    0.00    0.00    0.00    0.00
07:48:43 AM  all  100.00    0.00    0.00    0.00    0.00    0.00    0.00    0.00    0.00
07:48:44 AM  all  100.00    0.00    0.00    0.00    0.00    0.00    0.00    0.00    0.00
07:48:45 AM  all  100.00    0.00    0.00    0.00    0.00    0.00    0.00    0.00    0.00
07:48:46 AM  all  100.00    0.00    0.00    0.00    0.00    0.00    0.00    0.00    0.00
07:48:47 AM  all  100.00    0.00    0.00    0.00    0.00    0.00    0.00    0.00    0.00
07:48:48 AM  all  100.00    0.00    0.00    0.00    0.00    0.00    0.00    0.00    0.00
07:48:49 AM  all    6.93    0.00    0.00    0.00    0.00    0.00   93.07    0.00    0.00
07:48:50 AM  all  100.00    0.00    0.00    0.00    0.00    0.00    0.00    0.00    0.00
07:48:51 AM  all  100.00    0.00    0.00    0.00    0.00    0.00    0.00    0.00    0.00
07:48:52 AM  all  100.00    0.00    0.00    0.00    0.00    0.00    0.00    0.00    0.00
07:48:53 AM  all  100.00    0.00    0.00    0.00    0.00    0.00    0.00    0.00    0.00
07:48:54 AM  all  100.00    0.00    0.00    0.00    0.00    0.00    0.00    0.00    0.00
07:48:55 AM  all  100.00    0.00    0.00    0.00    0.00    0.00    0.00    0.00    0.00
07:48:56 AM  all  100.00    0.00    0.00    0.00    0.00    0.00    0.00    0.00    0.00
07:48:57 AM  all  100.00    0.00    0.00    0.00    0.00    0.00    0.00    0.00    0.00
07:48:58 AM  all  100.00    0.00    0.00    0.00    0.00    0.00    0.00    0.00    0.00
07:48:59 AM  all  100.00    0.00    0.00    0.00    0.00    0.00    0.00    0.00    0.00
07:49:00 AM  all    9.76    0.00    0.00    0.00    0.00    0.00   90.24    0.00    0.00
07:49:01 AM  all   39.33    0.00    0.67    0.00    0.00    0.00   60.00    0.00    0.00
07:49:02 AM  all  100.00    0.00    0.00    0.00    0.00    0.00    0.00    0.00    0.00
07:49:03 AM  all  100.00    0.00    0.00    0.00    0.00    0.00    0.00    0.00    0.00
07:49:04 AM  all  100.00    0.00    0.00    0.00    0.00    0.00    0.00    0.00    0.00
07:49:05 AM  all  100.00    0.00    0.00    0.00    0.00    0.00    0.00    0.00    0.00
07:49:07 AM  all  100.00    0.00    0.00    0.00    0.00    0.00    0.00    0.00    0.00
07:49:08 AM  all  100.00    0.00    0.00    0.00    0.00    0.00    0.00    0.00    0.00
07:49:09 AM  all  100.00    0.00    0.00    0.00    0.00    0.00    0.00    0.00    0.00
07:49:10 AM  all  100.00    0.00    0.00    0.00    0.00    0.00    0.00    0.00    0.00
07:49:11 AM  all   98.28    0.00    1.72    0.00    0.00    0.00    0.00    0.00    0.00
07:49:12 AM  all   10.78    0.00    0.00    0.00    0.00    0.00   89.22    0.00    0.00
07:49:13 AM  all  100.00    0.00    0.00    0.00    0.00    0.00    0.00    0.00    0.00
07:49:14 AM  all  100.00    0.00    0.00    0.00    0.00    0.00    0.00    0.00    0.00
07:49:15 AM  all  100.00    0.00    0.00    0.00    0.00    0.00    0.00    0.00    0.00
07:49:16 AM  all  100.00    0.00    0.00    0.00    0.00    0.00    0.00    0.00    0.00
07:49:17 AM  all  100.00    0.00    0.00    0.00    0.00    0.00    0.00    0.00    0.00
07:49:18 AM  all  100.00    0.00    0.00    0.00    0.00    0.00    0.00    0.00    0.00
07:49:19 AM  all  100.00    0.00    0.00    0.00    0.00    0.00    0.00    0.00    0.00
07:49:20 AM  all  100.00    0.00    0.00    0.00    0.00    0.00    0.00    0.00    0.00
07:49:21 AM  all  100.00    0.00    0.00    0.00    0.00    0.00    0.00    0.00    0.00
07:49:22 AM  all  100.00    0.00    0.00    0.00    0.00    0.00    0.00    0.00    0.00
07:49:23 AM  all   98.33    0.00    1.67    0.00    0.00    0.00    0.00    0.00    0.00
07:49:24 AM  all    8.39    0.00    0.00    0.00    0.00    0.00   91.61    0.00    0.00
07:49:25 AM  all  100.00    0.00    0.00    0.00    0.00    0.00    0.00    0.00    0.00
07:49:26 AM  all  100.00    0.00    0.00    0.00    0.00    0.00    0.00    0.00    0.00
07:49:27 AM  all  100.00    0.00    0.00    0.00    0.00    0.00    0.00    0.00    0.00
07:49:28 AM  all  100.00    0.00    0.00    0.00    0.00    0.00    0.00    0.00    0.00
07:49:29 AM  all  100.00    0.00    0.00    0.00    0.00    0.00    0.00    0.00    0.00
07:49:30 AM  all  100.00    0.00    0.00    0.00    0.00    0.00    0.00    0.00    0.00
07:49:31 AM  all  100.00    0.00    0.00    0.00    0.00    0.00    0.00    0.00    0.00
07:49:32 AM  all  100.00    0.00    0.00    0.00    0.00    0.00    0.00    0.00    0.00
07:49:33 AM  all  100.00    0.00    0.00    0.00    0.00    0.00    0.00    0.00    0.00
07:49:34 AM  all  100.00    0.00    0.00    0.00    0.00    0.00    0.00    0.00    0.00
07:49:35 AM  all  100.00    0.00    0.00    0.00    0.00    0.00    0.00    0.00    0.00
07:49:36 AM  all  100.00    0.00    0.00    0.00    0.00    0.00    0.00    0.00    0.00
07:49:37 AM  all    7.77    0.00    0.00    0.00    0.00    0.00   92.23    0.00    0.00
07:49:38 AM  all  100.00    0.00    0.00    0.00    0.00    0.00    0.00    0.00    0.00
07:49:39 AM  all  100.00    0.00    0.00    0.00    0.00    0.00    0.00    0.00    0.00
07:49:40 AM  all  100.00    0.00    0.00    0.00    0.00    0.00    0.00    0.00    0.00
07:49:41 AM  all   98.31    0.00    1.69    0.00    0.00    0.00    0.00    0.00    0.00
07:49:42 AM  all  100.00    0.00    0.00    0.00    0.00    0.00    0.00    0.00    0.00
07:49:43 AM  all  100.00    0.00    0.00    0.00    0.00    0.00    0.00    0.00    0.00
07:49:44 AM  all  100.00    0.00    0.00    0.00    0.00    0.00    0.00    0.00    0.00
07:49:45 AM  all  100.00    0.00    0.00    0.00    0.00    0.00    0.00    0.00    0.00
07:49:46 AM  all  100.00    0.00    0.00    0.00    0.00    0.00    0.00    0.00    0.00
07:49:47 AM  all  100.00    0.00    0.00    0.00    0.00    0.00    0.00    0.00    0.00
07:49:48 AM  all  100.00    0.00    0.00    0.00    0.00    0.00    0.00    0.00    0.00
07:49:49 AM  all    8.73    0.00    0.00    0.00    0.00    0.00   91.27    0.00    0.00
07:49:50 AM  all   95.16    0.00    0.00    0.00    0.00    0.00    4.84    0.00    0.00
07:49:51 AM  all  100.00    0.00    0.00    0.00    0.00    0.00    0.00    0.00    0.00
07:49:52 AM  all  100.00    0.00    0.00    0.00    0.00    0.00    0.00    0.00    0.00
07:49:53 AM  all  100.00    0.00    0.00    0.00    0.00    0.00    0.00    0.00    0.00
07:49:54 AM  all  100.00    0.00    0.00    0.00    0.00    0.00    0.00    0.00    0.00
07:49:55 AM  all  100.00    0.00    0.00    0.00    0.00    0.00    0.00    0.00    0.00
07:49:56 AM  all  100.00    0.00    0.00    0.00    0.00    0.00    0.00    0.00    0.00
07:49:57 AM  all  100.00    0.00    0.00    0.00    0.00    0.00    0.00    0.00    0.00
07:49:58 AM  all  100.00    0.00    0.00    0.00    0.00    0.00    0.00    0.00    0.00
07:49:59 AM  all  100.00    0.00    0.00    0.00    0.00    0.00    0.00    0.00    0.00
07:50:00 AM  all  100.00    0.00    0.00    0.00    0.00    0.00    0.00    0.00    0.00
07:50:01 AM  all  100.00    0.00    0.00    0.00    0.00    0.00    0.00    0.00    0.00
07:50:02 AM  all    8.57    0.00    0.00    0.00    0.00    0.00   91.43    0.00    0.00
07:50:03 AM  all  100.00    0.00    0.00    0.00    0.00    0.00    0.00    0.00    0.00
07:50:04 AM  all  100.00    0.00    0.00    0.00    0.00    0.00    0.00    0.00    0.00
07:50:05 AM  all  100.00    0.00    0.00    0.00    0.00    0.00    0.00    0.00    0.00
07:50:06 AM  all  100.00    0.00    0.00    0.00    0.00    0.00    0.00    0.00    0.00
07:50:07 AM  all  100.00    0.00    0.00    0.00    0.00    0.00    0.00    0.00    0.00
07:50:08 AM  all  100.00    0.00    0.00    0.00    0.00    0.00    0.00    0.00    0.00
07:50:09 AM  all  100.00    0.00    0.00    0.00    0.00    0.00    0.00    0.00    0.00
07:50:10 AM  all  100.00    0.00    0.00    0.00    0.00    0.00    0.00    0.00    0.00
07:50:11 AM  all  100.00    0.00    0.00    0.00    0.00    0.00    0.00    0.00    0.00
07:50:12 AM  all    9.90    0.00    0.00    0.00    0.00    0.00   90.10    0.00    0.00
07:50:13 AM  all  100.00    0.00    0.00    0.00    0.00    0.00    0.00    0.00    0.00
07:50:14 AM  all  100.00    0.00    0.00    0.00    0.00    0.00    0.00    0.00    0.00
07:50:15 AM  all  100.00    0.00    0.00    0.00    0.00    0.00    0.00    0.00    0.00
07:50:16 AM  all  100.00    0.00    0.00    0.00    0.00    0.00    0.00    0.00    0.00
07:50:17 AM  all  100.00    0.00    0.00    0.00    0.00    0.00    0.00    0.00    0.00
07:50:18 AM  all  100.00    0.00    0.00    0.00    0.00    0.00    0.00    0.00    0.00
07:50:19 AM  all  100.00    0.00    0.00    0.00    0.00    0.00    0.00    0.00    0.00
07:50:20 AM  all  100.00    0.00    0.00    0.00    0.00    0.00    0.00    0.00    0.00
07:50:21 AM  all  100.00    0.00    0.00    0.00    0.00    0.00    0.00    0.00    0.00
07:50:22 AM  all  100.00    0.00    0.00    0.00    0.00    0.00    0.00    0.00    0.00
07:50:23 AM  all  100.00    0.00    0.00    0.00    0.00    0.00    0.00    0.00    0.00
07:50:24 AM  all  100.00    0.00    0.00    0.00    0.00    0.00    0.00    0.00    0.00
07:50:25 AM  all    7.81    0.00    0.14    0.00    0.00    0.00   92.05    0.00    0.00
07:50:26 AM  all  100.00    0.00    0.00    0.00    0.00    0.00    0.00    0.00    0.00
07:50:27 AM  all  100.00    0.00    0.00    0.00    0.00    0.00    0.00    0.00    0.00
07:50:28 AM  all  100.00    0.00    0.00    0.00    0.00    0.00    0.00    0.00    0.00
07:50:29 AM  all  100.00    0.00    0.00    0.00    0.00    0.00    0.00    0.00    0.00
07:50:30 AM  all  100.00    0.00    0.00    0.00    0.00    0.00    0.00    0.00    0.00
07:50:31 AM  all  100.00    0.00    0.00    0.00    0.00    0.00    0.00    0.00    0.00
07:50:32 AM  all  100.00    0.00    0.00    0.00    0.00    0.00    0.00    0.00    0.00
07:50:33 AM  all  100.00    0.00    0.00    0.00    0.00    0.00    0.00    0.00    0.00
07:50:34 AM  all   12.47    0.00    0.00    0.00    0.00    0.00   87.53    0.00    0.00
07:50:35 AM  all  100.00    0.00    0.00    0.00    0.00    0.00    0.00    0.00    0.00
07:50:36 AM  all  100.00    0.00    0.00    0.00    0.00    0.00    0.00    0.00    0.00
07:50:37 AM  all  100.00    0.00    0.00    0.00    0.00    0.00    0.00    0.00    0.00
07:50:38 AM  all   19.51    0.00    0.00    0.00    0.00    0.00   80.49    0.00    0.00
07:50:39 AM  all  100.00    0.00    0.00    0.00    0.00    0.00    0.00    0.00    0.00
07:50:40 AM  all  100.00    0.00    0.00    0.00    0.00    0.00    0.00    0.00    0.00
07:50:41 AM  all  100.00    0.00    0.00    0.00    0.00    0.00    0.00    0.00    0.00
07:50:42 AM  all  100.00    0.00    0.00    0.00    0.00    0.00    0.00    0.00    0.00
07:50:43 AM  all  100.00    0.00    0.00    0.00    0.00    0.00    0.00    0.00    0.00
07:50:44 AM  all  100.00    0.00    0.00    0.00    0.00    0.00    0.00    0.00    0.00
07:50:45 AM  all  100.00    0.00    0.00    0.00    0.00    0.00    0.00    0.00    0.00
07:50:46 AM  all  100.00    0.00    0.00    0.00    0.00    0.00    0.00    0.00    0.00
07:50:47 AM  all  100.00    0.00    0.00    0.00    0.00    0.00    0.00    0.00    0.00
07:50:48 AM  all  100.00    0.00    0.00    0.00    0.00    0.00    0.00    0.00    0.00
07:50:49 AM  all  100.00    0.00    0.00    0.00    0.00    0.00    0.00    0.00    0.00
07:50:50 AM  all  100.00    0.00    0.00    0.00    0.00    0.00    0.00    0.00    0.00
07:50:51 AM  all    8.31    0.00    0.00    0.00    0.00    0.00   91.69    0.00    0.00
07:50:52 AM  all  100.00    0.00    0.00    0.00    0.00    0.00    0.00    0.00    0.00
07:50:53 AM  all  100.00    0.00    0.00    0.00    0.00    0.00    0.00    0.00    0.00
07:50:54 AM  all  100.00    0.00    0.00    0.00    0.00    0.00    0.00    0.00    0.00
07:50:55 AM  all  100.00    0.00    0.00    0.00    0.00    0.00    0.00    0.00    0.00
07:50:56 AM  all  100.00    0.00    0.00    0.00    0.00    0.00    0.00    0.00    0.00
07:50:57 AM  all   15.49    0.00    0.00    0.00    0.00    0.00   84.51    0.00    0.00
07:50:58 AM  all  100.00    0.00    0.00    0.00    0.00    0.00    0.00    0.00    0.00
07:50:59 AM  all   98.33    0.00    1.67    0.00    0.00    0.00    0.00    0.00    0.00
07:51:00 AM  all  100.00    0.00    0.00    0.00    0.00    0.00    0.00    0.00    0.00
07:51:01 AM  all  100.00    0.00    0.00    0.00    0.00    0.00    0.00    0.00    0.00
07:51:02 AM  all  100.00    0.00    0.00    0.00    0.00    0.00    0.00    0.00    0.00
07:51:03 AM  all  100.00    0.00    0.00    0.00    0.00    0.00    0.00    0.00    0.00
07:51:04 AM  all   13.65    0.00    0.24    0.00    0.00    0.00   86.12    0.00    0.00
07:51:05 AM  all  100.00    0.00    0.00    0.00    0.00    0.00    0.00    0.00    0.00
07:51:06 AM  all  100.00    0.00    0.00    0.00    0.00    0.00    0.00    0.00    0.00
07:51:07 AM  all  100.00    0.00    0.00    0.00    0.00    0.00    0.00    0.00    0.00
07:51:08 AM  all  100.00    0.00    0.00    0.00    0.00    0.00    0.00    0.00    0.00
07:51:09 AM  all  100.00    0.00    0.00    0.00    0.00    0.00    0.00    0.00    0.00
07:51:10 AM  all  100.00    0.00    0.00    0.00    0.00    0.00    0.00    0.00    0.00
07:51:11 AM  all  100.00    0.00    0.00    0.00    0.00    0.00    0.00    0.00    0.00
07:51:12 AM  all  100.00    0.00    0.00    0.00    0.00    0.00    0.00    0.00    0.00
07:51:13 AM  all  100.00    0.00    0.00    0.00    0.00    0.00    0.00    0.00    0.00
07:51:14 AM  all  100.00    0.00    0.00    0.00    0.00    0.00    0.00    0.00    0.00
07:51:15 AM  all  100.00    0.00    0.00    0.00    0.00    0.00    0.00    0.00    0.00
07:51:16 AM  all  100.00    0.00    0.00    0.00    0.00    0.00    0.00    0.00    0.00
07:51:17 AM  all  100.00    0.00    0.00    0.00    0.00    0.00    0.00    0.00    0.00
07:51:18 AM  all    7.65    0.00    0.00    0.00    0.00    0.00   92.35    0.00    0.00
07:51:19 AM  all  100.00    0.00    0.00    0.00    0.00    0.00    0.00    0.00    0.00
07:51:20 AM  all  100.00    0.00    0.00    0.00    0.00    0.00    0.00    0.00    0.00
07:51:21 AM  all  100.00    0.00    0.00    0.00    0.00    0.00    0.00    0.00    0.00
07:51:22 AM  all  100.00    0.00    0.00    0.00    0.00    0.00    0.00    0.00    0.00
07:51:23 AM  all  100.00    0.00    0.00    0.00    0.00    0.00    0.00    0.00    0.00
07:51:25 AM  all  100.00    0.00    0.00    0.00    0.00    0.00    0.00    0.00    0.00
07:51:26 AM  all  100.00    0.00    0.00    0.00    0.00    0.00    0.00    0.00    0.00
07:51:27 AM  all  100.00    0.00    0.00    0.00    0.00    0.00    0.00    0.00    0.00
07:51:28 AM  all  100.00    0.00    0.00    0.00    0.00    0.00    0.00    0.00    0.00
07:51:29 AM  all  100.00    0.00    0.00    0.00    0.00    0.00    0.00    0.00    0.00
07:51:30 AM  all  100.00    0.00    0.00    0.00    0.00    0.00    0.00    0.00    0.00
07:51:31 AM  all  100.00    0.00    0.00    0.00    0.00    0.00    0.00    0.00    0.00
07:51:32 AM  all    7.95    0.00    0.00    0.00    0.00    0.00   92.05    0.00    0.00
07:51:33 AM  all   93.55    0.00    0.00    0.00    0.00    0.00    6.45    0.00    0.00
07:51:34 AM  all  100.00    0.00    0.00    0.00    0.00    0.00    0.00    0.00    0.00
07:51:35 AM  all  100.00    0.00    0.00    0.00    0.00    0.00    0.00    0.00    0.00
07:51:36 AM  all  100.00    0.00    0.00    0.00    0.00    0.00    0.00    0.00    0.00
07:51:37 AM  all  100.00    0.00    0.00    0.00    0.00    0.00    0.00    0.00    0.00
07:51:38 AM  all  100.00    0.00    0.00    0.00    0.00    0.00    0.00    0.00    0.00
07:51:39 AM  all  100.00    0.00    0.00    0.00    0.00    0.00    0.00    0.00    0.00
07:51:40 AM  all  100.00    0.00    0.00    0.00    0.00    0.00    0.00    0.00    0.00
07:51:41 AM  all  100.00    0.00    0.00    0.00    0.00    0.00    0.00    0.00    0.00
07:51:42 AM  all  100.00    0.00    0.00    0.00    0.00    0.00    0.00    0.00    0.00
07:51:43 AM  all  100.00    0.00    0.00    0.00    0.00    0.00    0.00    0.00    0.00
07:51:44 AM  all  100.00    0.00    0.00    0.00    0.00    0.00    0.00    0.00    0.00
07:51:45 AM  all    8.14    0.00    0.00    0.00    0.00    0.00   91.86    0.00    0.00
07:51:46 AM  all  100.00    0.00    0.00    0.00    0.00    0.00    0.00    0.00    0.00
07:51:47 AM  all  100.00    0.00    0.00    0.00    0.00    0.00    0.00    0.00    0.00
07:51:48 AM  all  100.00    0.00    0.00    0.00    0.00    0.00    0.00    0.00    0.00
07:51:49 AM  all  100.00    0.00    0.00    0.00    0.00    0.00    0.00    0.00    0.00
07:51:50 AM  all  100.00    0.00    0.00    0.00    0.00    0.00    0.00    0.00    0.00
07:51:51 AM  all  100.00    0.00    0.00    0.00    0.00    0.00    0.00    0.00    0.00
07:51:52 AM  all  100.00    0.00    0.00    0.00    0.00    0.00    0.00    0.00    0.00
07:51:53 AM  all  100.00    0.00    0.00    0.00    0.00    0.00    0.00    0.00    0.00
07:51:54 AM  all  100.00    0.00    0.00    0.00    0.00    0.00    0.00    0.00    0.00
07:51:55 AM  all   98.31    0.00    1.69    0.00    0.00    0.00    0.00    0.00    0.00
07:51:56 AM  all  100.00    0.00    0.00    0.00    0.00    0.00    0.00    0.00    0.00
07:51:57 AM  all  100.00    0.00    0.00    0.00    0.00    0.00    0.00    0.00    0.00
07:51:58 AM  all    8.31    0.00    0.00    0.00    0.00    0.00   91.69    0.00    0.00
07:51:59 AM  all  100.00    0.00    0.00    0.00    0.00    0.00    0.00    0.00    0.00
07:52:00 AM  all  100.00    0.00    0.00    0.00    0.00    0.00    0.00    0.00    0.00
07:52:01 AM  all  100.00    0.00    0.00    0.00    0.00    0.00    0.00    0.00    0.00
07:52:02 AM  all  100.00    0.00    0.00    0.00    0.00    0.00    0.00    0.00    0.00
07:52:03 AM  all  100.00    0.00    0.00    0.00    0.00    0.00    0.00    0.00    0.00
07:52:04 AM  all  100.00    0.00    0.00    0.00    0.00    0.00    0.00    0.00    0.00
07:52:05 AM  all  100.00    0.00    0.00    0.00    0.00    0.00    0.00    0.00    0.00
07:52:06 AM  all  100.00    0.00    0.00    0.00    0.00    0.00    0.00    0.00    0.00
07:52:07 AM  all  100.00    0.00    0.00    0.00    0.00    0.00    0.00    0.00    0.00
07:52:08 AM  all  100.00    0.00    0.00    0.00    0.00    0.00    0.00    0.00    0.00
07:52:09 AM  all  100.00    0.00    0.00    0.00    0.00    0.00    0.00    0.00    0.00
07:52:10 AM  all  100.00    0.00    0.00    0.00    0.00    0.00    0.00    0.00    0.00
07:52:11 AM  all  100.00    0.00    0.00    0.00    0.00    0.00    0.00    0.00    0.00
07:52:12 AM  all  100.00    0.00    0.00    0.00    0.00    0.00    0.00    0.00    0.00
07:52:13 AM  all    7.01    0.00    0.00    0.00    0.00    0.00   92.99    0.00    0.00
07:52:14 AM  all  100.00    0.00    0.00    0.00    0.00    0.00    0.00    0.00    0.00
07:52:15 AM  all   98.31    0.00    1.69    0.00    0.00    0.00    0.00    0.00    0.00
07:52:16 AM  all  100.00    0.00    0.00    0.00    0.00    0.00    0.00    0.00    0.00
07:52:17 AM  all  100.00    0.00    0.00    0.00    0.00    0.00    0.00    0.00    0.00
07:52:18 AM  all  100.00    0.00    0.00    0.00    0.00    0.00    0.00    0.00    0.00
07:52:19 AM  all  100.00    0.00    0.00    0.00    0.00    0.00    0.00    0.00    0.00
07:52:20 AM  all  100.00    0.00    0.00    0.00    0.00    0.00    0.00    0.00    0.00
07:52:21 AM  all  100.00    0.00    0.00    0.00    0.00    0.00    0.00    0.00    0.00
07:52:22 AM  all  100.00    0.00    0.00    0.00    0.00    0.00    0.00    0.00    0.00
07:52:23 AM  all  100.00    0.00    0.00    0.00    0.00    0.00    0.00    0.00    0.00
07:52:24 AM  all  100.00    0.00    0.00    0.00    0.00    0.00    0.00    0.00    0.00
07:52:25 AM  all    8.33    0.00    0.00    0.00    0.00    0.00   91.67    0.00    0.00
07:52:26 AM  all   98.28    0.00    1.72    0.00    0.00    0.00    0.00    0.00    0.00
07:52:27 AM  all  100.00    0.00    0.00    0.00    0.00    0.00    0.00    0.00    0.00
07:52:28 AM  all  100.00    0.00    0.00    0.00    0.00    0.00    0.00    0.00    0.00
07:52:29 AM  all  100.00    0.00    0.00    0.00    0.00    0.00    0.00    0.00    0.00
07:52:30 AM  all  100.00    0.00    0.00    0.00    0.00    0.00    0.00    0.00    0.00
07:52:31 AM  all  100.00    0.00    0.00    0.00    0.00    0.00    0.00    0.00    0.00
07:52:32 AM  all  100.00    0.00    0.00    0.00    0.00    0.00    0.00    0.00    0.00
07:52:33 AM  all  100.00    0.00    0.00    0.00    0.00    0.00    0.00    0.00    0.00
07:52:34 AM  all  100.00    0.00    0.00    0.00    0.00    0.00    0.00    0.00    0.00
07:52:35 AM  all  100.00    0.00    0.00    0.00    0.00    0.00    0.00    0.00    0.00
07:52:36 AM  all   98.33    0.00    1.67    0.00    0.00    0.00    0.00    0.00    0.00
07:52:37 AM  all    8.92    0.00    0.00    0.00    0.00    0.00   91.08    0.00    0.00
07:52:38 AM  all  100.00    0.00    0.00    0.00    0.00    0.00    0.00    0.00    0.00
07:52:39 AM  all  100.00    0.00    0.00    0.00    0.00    0.00    0.00    0.00    0.00
07:52:40 AM  all  100.00    0.00    0.00    0.00    0.00    0.00    0.00    0.00    0.00
07:52:41 AM  all  100.00    0.00    0.00    0.00    0.00    0.00    0.00    0.00    0.00
07:52:42 AM  all  100.00    0.00    0.00    0.00    0.00    0.00    0.00    0.00    0.00
07:52:43 AM  all   98.28    0.00    1.72    0.00    0.00    0.00    0.00    0.00    0.00
07:52:44 AM  all  100.00    0.00    0.00    0.00    0.00    0.00    0.00    0.00    0.00
07:52:45 AM  all  100.00    0.00    0.00    0.00    0.00    0.00    0.00    0.00    0.00
07:52:46 AM  all   11.07    0.00    0.00    0.00    0.00    0.00   88.93    0.00    0.00
07:52:47 AM  all  100.00    0.00    0.00    0.00    0.00    0.00    0.00    0.00    0.00
07:52:48 AM  all  100.00    0.00    0.00    0.00    0.00    0.00    0.00    0.00    0.00
07:52:49 AM  all  100.00    0.00    0.00    0.00    0.00    0.00    0.00    0.00    0.00
07:52:50 AM  all  100.00    0.00    0.00    0.00    0.00    0.00    0.00    0.00    0.00
07:52:51 AM  all  100.00    0.00    0.00    0.00    0.00    0.00    0.00    0.00    0.00
07:52:52 AM  all  100.00    0.00    0.00    0.00    0.00    0.00    0.00    0.00    0.00
07:52:53 AM  all  100.00    0.00    0.00    0.00    0.00    0.00    0.00    0.00    0.00
07:52:54 AM  all  100.00    0.00    0.00    0.00    0.00    0.00    0.00    0.00    0.00
07:52:55 AM  all   11.86    0.00    0.20    0.00    0.00    0.00   87.93    0.00    0.00
07:52:56 AM  all  100.00    0.00    0.00    0.00    0.00    0.00    0.00    0.00    0.00
07:52:57 AM  all  100.00    0.00    0.00    0.00    0.00    0.00    0.00    0.00    0.00
07:52:58 AM  all  100.00    0.00    0.00    0.00    0.00    0.00    0.00    0.00    0.00
07:52:59 AM  all  100.00    0.00    0.00    0.00    0.00    0.00    0.00    0.00    0.00
07:53:00 AM  all  100.00    0.00    0.00    0.00    0.00    0.00    0.00    0.00    0.00
07:53:01 AM  all  100.00    0.00    0.00    0.00    0.00    0.00    0.00    0.00    0.00
07:53:02 AM  all  100.00    0.00    0.00    0.00    0.00    0.00    0.00    0.00    0.00
07:53:03 AM  all   11.69    0.00    0.00    0.00    0.00    0.00   88.31    0.00    0.00
07:53:04 AM  all  100.00    0.00    0.00    0.00    0.00    0.00    0.00    0.00    0.00
07:53:05 AM  all   34.68    0.00    0.58    0.00    0.00    0.00   64.74    0.00    0.00
07:53:06 AM  all   68.29    0.00    0.00    0.00    0.00    0.00   31.71    0.00    0.00
07:53:07 AM  all   98.31    0.00    1.69    0.00    0.00    0.00    0.00    0.00    0.00
07:53:08 AM  all  100.00    0.00    0.00    0.00    0.00    0.00    0.00    0.00    0.00
07:53:09 AM  all  100.00    0.00    0.00    0.00    0.00    0.00    0.00    0.00    0.00
07:53:10 AM  all  100.00    0.00    0.00    0.00    0.00    0.00    0.00    0.00    0.00
07:53:11 AM  all  100.00    0.00    0.00    0.00    0.00    0.00    0.00    0.00    0.00
07:53:12 AM  all  100.00    0.00    0.00    0.00    0.00    0.00    0.00    0.00    0.00
07:53:13 AM  all  100.00    0.00    0.00    0.00    0.00    0.00    0.00    0.00    0.00
07:53:14 AM  all  100.00    0.00    0.00    0.00    0.00    0.00    0.00    0.00    0.00
07:53:15 AM  all  100.00    0.00    0.00    0.00    0.00    0.00    0.00    0.00    0.00
07:53:16 AM  all  100.00    0.00    0.00    0.00    0.00    0.00    0.00    0.00    0.00
07:53:17 AM  all  100.00    0.00    0.00    0.00    0.00    0.00    0.00    0.00    0.00
07:53:18 AM  all    8.81    0.00    0.00    0.00    0.00    0.00   91.19    0.00    0.00
07:53:19 AM  all  100.00    0.00    0.00    0.00    0.00    0.00    0.00    0.00    0.00
07:53:20 AM  all  100.00    0.00    0.00    0.00    0.00    0.00    0.00    0.00    0.00
07:53:21 AM  all  100.00    0.00    0.00    0.00    0.00    0.00    0.00    0.00    0.00
07:53:22 AM  all  100.00    0.00    0.00    0.00    0.00    0.00    0.00    0.00    0.00
07:53:23 AM  all  100.00    0.00    0.00    0.00    0.00    0.00    0.00    0.00    0.00
07:53:24 AM  all  100.00    0.00    0.00    0.00    0.00    0.00    0.00    0.00    0.00
07:53:25 AM  all  100.00    0.00    0.00    0.00    0.00    0.00    0.00    0.00    0.00
07:53:26 AM  all  100.00    0.00    0.00    0.00    0.00    0.00    0.00    0.00    0.00
07:53:27 AM  all  100.00    0.00    0.00    0.00    0.00    0.00    0.00    0.00    0.00
07:53:28 AM  all  100.00    0.00    0.00    0.00    0.00    0.00    0.00    0.00    0.00
07:53:29 AM  all  100.00    0.00    0.00    0.00    0.00    0.00    0.00    0.00    0.00
07:53:30 AM  all  100.00    0.00    0.00    0.00    0.00    0.00    0.00    0.00    0.00
07:53:31 AM  all  100.00    0.00    0.00    0.00    0.00    0.00    0.00    0.00    0.00
07:53:32 AM  all  100.00    0.00    0.00    0.00    0.00    0.00    0.00    0.00    0.00
07:53:33 AM  all  100.00    0.00    0.00    0.00    0.00    0.00    0.00    0.00    0.00
07:53:34 AM  all  100.00    0.00    0.00    0.00    0.00    0.00    0.00    0.00    0.00
07:53:35 AM  all  100.00    0.00    0.00    0.00    0.00    0.00    0.00    0.00    0.00
07:53:36 AM  all  100.00    0.00    0.00    0.00    0.00    0.00    0.00    0.00    0.00
07:53:37 AM  all  100.00    0.00    0.00    0.00    0.00    0.00    0.00    0.00    0.00
07:53:38 AM  all  100.00    0.00    0.00    0.00    0.00    0.00    0.00    0.00    0.00
07:53:40 AM  all  100.00    0.00    0.00    0.00    0.00    0.00    0.00    0.00    0.00
07:53:41 AM  all  100.00    0.00    0.00    0.00    0.00    0.00    0.00    0.00    0.00
07:53:42 AM  all   98.31    0.00    1.69    0.00    0.00    0.00    0.00    0.00    0.00
07:53:43 AM  all    4.49    0.00    0.00    0.00    0.00    0.00   95.51    0.00    0.00
07:53:44 AM  all  100.00    0.00    0.00    0.00    0.00    0.00    0.00    0.00    0.00
07:53:45 AM  all  100.00    0.00    0.00    0.00    0.00    0.00    0.00    0.00    0.00
07:53:46 AM  all  100.00    0.00    0.00    0.00    0.00    0.00    0.00    0.00    0.00
07:53:47 AM  all  100.00    0.00    0.00    0.00    0.00    0.00    0.00    0.00    0.00
07:53:48 AM  all  100.00    0.00    0.00    0.00    0.00    0.00    0.00    0.00    0.00
07:53:49 AM  all  100.00    0.00    0.00    0.00    0.00    0.00    0.00    0.00    0.00
07:53:50 AM  all  100.00    0.00    0.00    0.00    0.00    0.00    0.00    0.00    0.00
07:53:51 AM  all  100.00    0.00    0.00    0.00    0.00    0.00    0.00    0.00    0.00
07:53:52 AM  all  100.00    0.00    0.00    0.00    0.00    0.00    0.00    0.00    0.00
07:53:53 AM  all  100.00    0.00    0.00    0.00    0.00    0.00    0.00    0.00    0.00
07:53:54 AM  all   98.33    0.00    1.67    0.00    0.00    0.00    0.00    0.00    0.00
07:53:55 AM  all    8.55    0.00    0.00    0.00    0.00    0.00   91.45    0.00    0.00
07:53:56 AM  all  100.00    0.00    0.00    0.00    0.00    0.00    0.00    0.00    0.00
07:53:57 AM  all  100.00    0.00    0.00    0.00    0.00    0.00    0.00    0.00    0.00
07:53:58 AM  all  100.00    0.00    0.00    0.00    0.00    0.00    0.00    0.00    0.00
07:53:59 AM  all  100.00    0.00    0.00    0.00    0.00    0.00    0.00    0.00    0.00
07:54:00 AM  all  100.00    0.00    0.00    0.00    0.00    0.00    0.00    0.00    0.00
07:54:01 AM  all  100.00    0.00    0.00    0.00    0.00    0.00    0.00    0.00    0.00
07:54:02 AM  all  100.00    0.00    0.00    0.00    0.00    0.00    0.00    0.00    0.00
07:54:03 AM  all  100.00    0.00    0.00    0.00    0.00    0.00    0.00    0.00    0.00
07:54:04 AM  all  100.00    0.00    0.00    0.00    0.00    0.00    0.00    0.00    0.00
07:54:05 AM  all  100.00    0.00    0.00    0.00    0.00    0.00    0.00    0.00    0.00
07:54:06 AM  all  100.00    0.00    0.00    0.00    0.00    0.00    0.00    0.00    0.00
07:54:07 AM  all  100.00    0.00    0.00    0.00    0.00    0.00    0.00    0.00    0.00
07:54:08 AM  all  100.00    0.00    0.00    0.00    0.00    0.00    0.00    0.00    0.00
07:54:09 AM  all    7.60    0.00    0.00    0.00    0.00    0.00   92.40    0.00    0.00
07:54:10 AM  all  100.00    0.00    0.00    0.00    0.00    0.00    0.00    0.00    0.00
07:54:11 AM  all   98.31    0.00    1.69    0.00    0.00    0.00    0.00    0.00    0.00
07:54:12 AM  all  100.00    0.00    0.00    0.00    0.00    0.00    0.00    0.00    0.00
07:54:13 AM  all  100.00    0.00    0.00    0.00    0.00    0.00    0.00    0.00    0.00
07:54:14 AM  all  100.00    0.00    0.00    0.00    0.00    0.00    0.00    0.00    0.00
07:54:15 AM  all   15.32    0.00    0.00    0.00    0.00    0.00   84.68    0.00    0.00
07:54:16 AM  all  100.00    0.00    0.00    0.00    0.00    0.00    0.00    0.00    0.00
07:54:17 AM  all  100.00    0.00    0.00    0.00    0.00    0.00    0.00    0.00    0.00
07:54:18 AM  all  100.00    0.00    0.00    0.00    0.00    0.00    0.00    0.00    0.00
07:54:19 AM  all  100.00    0.00    0.00    0.00    0.00    0.00    0.00    0.00    0.00
07:54:20 AM  all  100.00    0.00    0.00    0.00    0.00    0.00    0.00    0.00    0.00
07:54:21 AM  all   16.86    0.00    0.00    0.00    0.00    0.00   83.14    0.00    0.00
07:54:22 AM  all  100.00    0.00    0.00    0.00    0.00    0.00    0.00    0.00    0.00
07:54:23 AM  all  100.00    0.00    0.00    0.00    0.00    0.00    0.00    0.00    0.00
07:54:24 AM  all   98.31    0.00    1.69    0.00    0.00    0.00    0.00    0.00    0.00
07:54:25 AM  all  100.00    0.00    0.00    0.00    0.00    0.00    0.00    0.00    0.00
07:54:26 AM  all  100.00    0.00    0.00    0.00    0.00    0.00    0.00    0.00    0.00
07:54:27 AM  all  100.00    0.00    0.00    0.00    0.00    0.00    0.00    0.00    0.00
07:54:28 AM  all  100.00    0.00    0.00    0.00    0.00    0.00    0.00    0.00    0.00
07:54:29 AM  all  100.00    0.00    0.00    0.00    0.00    0.00    0.00    0.00    0.00
07:54:30 AM  all  100.00    0.00    0.00    0.00    0.00    0.00    0.00    0.00    0.00
07:54:31 AM  all   98.33    0.00    1.67    0.00    0.00    0.00    0.00    0.00    0.00
07:54:32 AM  all  100.00    0.00    0.00    0.00    0.00    0.00    0.00    0.00    0.00
07:54:33 AM  all  100.00    0.00    0.00    0.00    0.00    0.00    0.00    0.00    0.00
07:54:34 AM  all  100.00    0.00    0.00    0.00    0.00    0.00    0.00    0.00    0.00
07:54:35 AM  all  100.00    0.00    0.00    0.00    0.00    0.00    0.00    0.00    0.00
07:54:36 AM  all   98.31    0.00    1.69    0.00    0.00    0.00    0.00    0.00    0.00
07:54:37 AM  all  100.00    0.00    0.00    0.00    0.00    0.00    0.00    0.00    0.00
07:54:38 AM  all  100.00    0.00    0.00    0.00    0.00    0.00    0.00    0.00    0.00
07:54:39 AM  all  100.00    0.00    0.00    0.00    0.00    0.00    0.00    0.00    0.00
07:54:40 AM  all    5.77    0.00    0.10    0.00    0.00    0.00   94.14    0.00    0.00
07:54:41 AM  all  100.00    0.00    0.00    0.00    0.00    0.00    0.00    0.00    0.00
07:54:42 AM  all  100.00    0.00    0.00    0.00    0.00    0.00    0.00    0.00    0.00
07:54:43 AM  all  100.00    0.00    0.00    0.00    0.00    0.00    0.00    0.00    0.00
07:54:44 AM  all  100.00    0.00    0.00    0.00    0.00    0.00    0.00    0.00    0.00
07:54:45 AM  all  100.00    0.00    0.00    0.00    0.00    0.00    0.00    0.00    0.00
07:54:46 AM  all   15.99    0.00    0.00    0.00    0.00    0.00   84.01    0.00    0.00
07:54:47 AM  all  100.00    0.00    0.00    0.00    0.00    0.00    0.00    0.00    0.00
07:54:48 AM  all  100.00    0.00    0.00    0.00    0.00    0.00    0.00    0.00    0.00
07:54:49 AM  all  100.00    0.00    0.00    0.00    0.00    0.00    0.00    0.00    0.00
07:54:50 AM  all  100.00    0.00    0.00    0.00    0.00    0.00    0.00    0.00    0.00
07:54:51 AM  all  100.00    0.00    0.00    0.00    0.00    0.00    0.00    0.00    0.00
07:54:52 AM  all   15.66    0.00    0.27    0.00    0.00    0.00   84.07    0.00    0.00
07:54:53 AM  all  100.00    0.00    0.00    0.00    0.00    0.00    0.00    0.00    0.00
07:54:54 AM  all  100.00    0.00    0.00    0.00    0.00    0.00    0.00    0.00    0.00
07:54:55 AM  all  100.00    0.00    0.00    0.00    0.00    0.00    0.00    0.00    0.00
07:54:56 AM  all  100.00    0.00    0.00    0.00    0.00    0.00    0.00    0.00    0.00
07:54:57 AM  all  100.00    0.00    0.00    0.00    0.00    0.00    0.00    0.00    0.00
07:54:58 AM  all   15.22    0.00    0.00    0.00    0.00    0.00   84.78    0.00    0.00
07:54:59 AM  all  100.00    0.00    0.00    0.00    0.00    0.00    0.00    0.00    0.00
07:55:00 AM  all  100.00    0.00    0.00    0.00    0.00    0.00    0.00    0.00    0.00
07:55:01 AM  all  100.00    0.00    0.00    0.00    0.00    0.00    0.00    0.00    0.00
07:55:02 AM  all   25.11    0.00    0.88    0.00    0.00    0.00   74.01    0.00    0.00
07:55:03 AM  all   41.91    0.00    0.74    0.00    0.00    0.00   57.35    0.00    0.00
07:55:04 AM  all   52.34    0.00    0.00    0.00    0.00    0.00   47.66    0.00    0.00
07:55:05 AM  all  100.00    0.00    0.00    0.00    0.00    0.00    0.00    0.00    0.00
07:55:06 AM  all  100.00    0.00    0.00    0.00    0.00    0.00    0.00    0.00    0.00
07:55:07 AM  all  100.00    0.00    0.00    0.00    0.00    0.00    0.00    0.00    0.00
07:55:08 AM  all  100.00    0.00    0.00    0.00    0.00    0.00    0.00    0.00    0.00
07:55:09 AM  all  100.00    0.00    0.00    0.00    0.00    0.00    0.00    0.00    0.00
07:55:10 AM  all  100.00    0.00    0.00    0.00    0.00    0.00    0.00    0.00    0.00
07:55:11 AM  all  100.00    0.00    0.00    0.00    0.00    0.00    0.00    0.00    0.00
07:55:12 AM  all  100.00    0.00    0.00    0.00    0.00    0.00    0.00    0.00    0.00
07:55:13 AM  all  100.00    0.00    0.00    0.00    0.00    0.00    0.00    0.00    0.00
07:55:14 AM  all   10.71    0.00    0.18    0.00    0.00    0.00   89.11    0.00    0.00
07:55:15 AM  all  100.00    0.00    0.00    0.00    0.00    0.00    0.00    0.00    0.00
07:55:16 AM  all  100.00    0.00    0.00    0.00    0.00    0.00    0.00    0.00    0.00
07:55:17 AM  all  100.00    0.00    0.00    0.00    0.00    0.00    0.00    0.00    0.00
07:55:18 AM  all  100.00    0.00    0.00    0.00    0.00    0.00    0.00    0.00    0.00
07:55:19 AM  all  100.00    0.00    0.00    0.00    0.00    0.00    0.00    0.00    0.00
07:55:20 AM  all  100.00    0.00    0.00    0.00    0.00    0.00    0.00    0.00    0.00
07:55:21 AM  all  100.00    0.00    0.00    0.00    0.00    0.00    0.00    0.00    0.00
07:55:22 AM  all  100.00    0.00    0.00    0.00    0.00    0.00    0.00    0.00    0.00
07:55:23 AM  all  100.00    0.00    0.00    0.00    0.00    0.00    0.00    0.00    0.00
07:55:24 AM  all  100.00    0.00    0.00    0.00    0.00    0.00    0.00    0.00    0.00
07:55:25 AM  all  100.00    0.00    0.00    0.00    0.00    0.00    0.00    0.00    0.00
07:55:26 AM  all  100.00    0.00    0.00    0.00    0.00    0.00    0.00    0.00    0.00
07:55:27 AM  all  100.00    0.00    0.00    0.00    0.00    0.00    0.00    0.00    0.00
07:55:28 AM  all  100.00    0.00    0.00    0.00    0.00    0.00    0.00    0.00    0.00
07:55:29 AM  all  100.00    0.00    0.00    0.00    0.00    0.00    0.00    0.00    0.00
07:55:30 AM  all    6.58    0.00    0.00    0.00    0.00    0.00   93.42    0.00    0.00
07:55:31 AM  all   95.08    0.00    0.00    0.00    0.00    0.00    4.92    0.00    0.00
07:55:32 AM  all   47.54    0.00    0.00    0.00    0.00    0.00   52.46    0.00    0.00
07:55:33 AM  all  100.00    0.00    0.00    0.00    0.00    0.00    0.00    0.00    0.00
07:55:34 AM  all  100.00    0.00    0.00    0.00    0.00    0.00    0.00    0.00    0.00
07:55:35 AM  all   27.94    0.00    0.00    0.00    0.00    0.00   72.06    0.00    0.00
07:55:36 AM  all  100.00    0.00    0.00    0.00    0.00    0.00    0.00    0.00    0.00
07:55:37 AM  all  100.00    0.00    0.00    0.00    0.00    0.00    0.00    0.00    0.00
07:55:38 AM  all  100.00    0.00    0.00    0.00    0.00    0.00    0.00    0.00    0.00
07:55:39 AM  all  100.00    0.00    0.00    0.00    0.00    0.00    0.00    0.00    0.00
07:55:40 AM  all  100.00    0.00    0.00    0.00    0.00    0.00    0.00    0.00    0.00
07:55:41 AM  all  100.00    0.00    0.00    0.00    0.00    0.00    0.00    0.00    0.00
07:55:42 AM  all  100.00    0.00    0.00    0.00    0.00    0.00    0.00    0.00    0.00
07:55:43 AM  all  100.00    0.00    0.00    0.00    0.00    0.00    0.00    0.00    0.00
07:55:44 AM  all  100.00    0.00    0.00    0.00    0.00    0.00    0.00    0.00    0.00
07:55:45 AM  all  100.00    0.00    0.00    0.00    0.00    0.00    0.00    0.00    0.00
07:55:46 AM  all  100.00    0.00    0.00    0.00    0.00    0.00    0.00    0.00    0.00
07:55:47 AM  all  100.00    0.00    0.00    0.00    0.00    0.00    0.00    0.00    0.00
07:55:48 AM  all  100.00    0.00    0.00    0.00    0.00    0.00    0.00    0.00    0.00
07:55:49 AM  all    7.44    0.00    0.00    0.00    0.00    0.00   92.56    0.00    0.00
07:55:50 AM  all  100.00    0.00    0.00    0.00    0.00    0.00    0.00    0.00    0.00
07:55:51 AM  all  100.00    0.00    0.00    0.00    0.00    0.00    0.00    0.00    0.00
07:55:52 AM  all  100.00    0.00    0.00    0.00    0.00    0.00    0.00    0.00    0.00
07:55:53 AM  all  100.00    0.00    0.00    0.00    0.00    0.00    0.00    0.00    0.00
07:55:54 AM  all  100.00    0.00    0.00    0.00    0.00    0.00    0.00    0.00    0.00
07:55:55 AM  all   14.54    0.00    0.00    0.00    0.00    0.00   85.46    0.00    0.00
07:55:56 AM  all   92.06    0.00    0.00    0.00    0.00    0.00    7.94    0.00    0.00
07:55:57 AM  all  100.00    0.00    0.00    0.00    0.00    0.00    0.00    0.00    0.00
07:55:58 AM  all  100.00    0.00    0.00    0.00    0.00    0.00    0.00    0.00    0.00
07:55:59 AM  all  100.00    0.00    0.00    0.00    0.00    0.00    0.00    0.00    0.00
07:56:00 AM  all  100.00    0.00    0.00    0.00    0.00    0.00    0.00    0.00    0.00
07:56:02 AM  all  100.00    0.00    0.00    0.00    0.00    0.00    0.00    0.00    0.00
07:56:03 AM  all  100.00    0.00    0.00    0.00    0.00    0.00    0.00    0.00    0.00
07:56:04 AM  all  100.00    0.00    0.00    0.00    0.00    0.00    0.00    0.00    0.00
07:56:05 AM  all   11.83    0.00    0.21    0.00    0.00    0.00   87.97    0.00    0.00
07:56:06 AM  all   98.31    0.00    1.69    0.00    0.00    0.00    0.00    0.00    0.00
07:56:07 AM  all  100.00    0.00    0.00    0.00    0.00    0.00    0.00    0.00    0.00
07:56:08 AM  all  100.00    0.00    0.00    0.00    0.00    0.00    0.00    0.00    0.00
07:56:09 AM  all  100.00    0.00    0.00    0.00    0.00    0.00    0.00    0.00    0.00
07:56:10 AM  all  100.00    0.00    0.00    0.00    0.00    0.00    0.00    0.00    0.00
07:56:11 AM  all  100.00    0.00    0.00    0.00    0.00    0.00    0.00    0.00    0.00
07:56:12 AM  all  100.00    0.00    0.00    0.00    0.00    0.00    0.00    0.00    0.00
07:56:13 AM  all   12.53    0.00    0.00    0.00    0.00    0.00   87.47    0.00    0.00
07:56:14 AM  all  100.00    0.00    0.00    0.00    0.00    0.00    0.00    0.00    0.00
07:56:15 AM  all  100.00    0.00    0.00    0.00    0.00    0.00    0.00    0.00    0.00
07:56:16 AM  all  100.00    0.00    0.00    0.00    0.00    0.00    0.00    0.00    0.00
07:56:17 AM  all  100.00    0.00    0.00    0.00    0.00    0.00    0.00    0.00    0.00
07:56:18 AM  all  100.00    0.00    0.00    0.00    0.00    0.00    0.00    0.00    0.00
07:56:19 AM  all  100.00    0.00    0.00    0.00    0.00    0.00    0.00    0.00    0.00
07:56:20 AM  all  100.00    0.00    0.00    0.00    0.00    0.00    0.00    0.00    0.00
07:56:21 AM  all  100.00    0.00    0.00    0.00    0.00    0.00    0.00    0.00    0.00
07:56:22 AM  all  100.00    0.00    0.00    0.00    0.00    0.00    0.00    0.00    0.00
07:56:23 AM  all   98.33    0.00    1.67    0.00    0.00    0.00    0.00    0.00    0.00
07:56:24 AM  all    9.22    0.00    0.00    0.00    0.00    0.00   90.78    0.00    0.00
07:56:25 AM  all  100.00    0.00    0.00    0.00    0.00    0.00    0.00    0.00    0.00
07:56:26 AM  all  100.00    0.00    0.00    0.00    0.00    0.00    0.00    0.00    0.00
07:56:27 AM  all  100.00    0.00    0.00    0.00    0.00    0.00    0.00    0.00    0.00
07:56:28 AM  all  100.00    0.00    0.00    0.00    0.00    0.00    0.00    0.00    0.00
07:56:29 AM  all  100.00    0.00    0.00    0.00    0.00    0.00    0.00    0.00    0.00
07:56:30 AM  all  100.00    0.00    0.00    0.00    0.00    0.00    0.00    0.00    0.00
07:56:31 AM  all   14.54    0.00    0.00    0.00    0.00    0.00   85.46    0.00    0.00
07:56:32 AM  all  100.00    0.00    0.00    0.00    0.00    0.00    0.00    0.00    0.00
07:56:33 AM  all  100.00    0.00    0.00    0.00    0.00    0.00    0.00    0.00    0.00
07:56:34 AM  all   24.46    0.00    0.00    0.00    0.00    0.00   75.54    0.00    0.00
07:56:35 AM  all  100.00    0.00    0.00    0.00    0.00    0.00    0.00    0.00    0.00
07:56:36 AM  all  100.00    0.00    0.00    0.00    0.00    0.00    0.00    0.00    0.00
07:56:37 AM  all  100.00    0.00    0.00    0.00    0.00    0.00    0.00    0.00    0.00
07:56:38 AM  all  100.00    0.00    0.00    0.00    0.00    0.00    0.00    0.00    0.00
07:56:39 AM  all  100.00    0.00    0.00    0.00    0.00    0.00    0.00    0.00    0.00
07:56:40 AM  all  100.00    0.00    0.00    0.00    0.00    0.00    0.00    0.00    0.00
07:56:41 AM  all  100.00    0.00    0.00    0.00    0.00    0.00    0.00    0.00    0.00
07:56:42 AM  all   13.12    0.00    0.00    0.00    0.00    0.00   86.88    0.00    0.00
07:56:43 AM  all  100.00    0.00    0.00    0.00    0.00    0.00    0.00    0.00    0.00
07:56:44 AM  all  100.00    0.00    0.00    0.00    0.00    0.00    0.00    0.00    0.00
07:56:45 AM  all  100.00    0.00    0.00    0.00    0.00    0.00    0.00    0.00    0.00
07:56:46 AM  all  100.00    0.00    0.00    0.00    0.00    0.00    0.00    0.00    0.00
07:56:47 AM  all   98.36    0.00    1.64    0.00    0.00    0.00    0.00    0.00    0.00
07:56:48 AM  all  100.00    0.00    0.00    0.00    0.00    0.00    0.00    0.00    0.00
07:56:49 AM  all  100.00    0.00    0.00    0.00    0.00    0.00    0.00    0.00    0.00
07:56:50 AM  all   12.75    0.00    0.00    0.00    0.00    0.00   87.25    0.00    0.00
07:56:51 AM  all  100.00    0.00    0.00    0.00    0.00    0.00    0.00    0.00    0.00
07:56:52 AM  all  100.00    0.00    0.00    0.00    0.00    0.00    0.00    0.00    0.00
07:56:53 AM  all  100.00    0.00    0.00    0.00    0.00    0.00    0.00    0.00    0.00
07:56:54 AM  all   98.31    0.00    1.69    0.00    0.00    0.00    0.00    0.00    0.00
07:56:55 AM  all   16.28    0.00    0.00    0.00    0.00    0.00   83.72    0.00    0.00
07:56:56 AM  all   90.32    0.00    0.00    0.00    0.00    0.00    9.68    0.00    0.00
07:56:57 AM  all  100.00    0.00    0.00    0.00    0.00    0.00    0.00    0.00    0.00
07:56:58 AM  all  100.00    0.00    0.00    0.00    0.00    0.00    0.00    0.00    0.00
07:56:59 AM  all  100.00    0.00    0.00    0.00    0.00    0.00    0.00    0.00    0.00
07:57:00 AM  all   19.28    0.00    0.00    0.00    0.00    0.00   80.72    0.00    0.00
07:57:01 AM  all  100.00    0.00    0.00    0.00    0.00    0.00    0.00    0.00    0.00
07:57:02 AM  all   38.56    0.00    0.00    0.00    0.00    0.00   61.44    0.00    0.00
07:57:03 AM  all  100.00    0.00    0.00    0.00    0.00    0.00    0.00    0.00    0.00
07:57:04 AM  all  100.00    0.00    0.00    0.00    0.00    0.00    0.00    0.00    0.00
07:57:05 AM  all   31.72    0.00    0.00    0.00    0.00    0.00   68.28    0.00    0.00
07:57:06 AM  all   98.31    0.00    1.69    0.00    0.00    0.00    0.00    0.00    0.00
07:57:07 AM  all  100.00    0.00    0.00    0.00    0.00    0.00    0.00    0.00    0.00
07:57:08 AM  all  100.00    0.00    0.00    0.00    0.00    0.00    0.00    0.00    0.00
07:57:09 AM  all   24.17    0.00    0.00    0.00    0.00    0.00   75.83    0.00    0.00
07:57:10 AM  all  100.00    0.00    0.00    0.00    0.00    0.00    0.00    0.00    0.00
07:57:11 AM  all  100.00    0.00    0.00    0.00    0.00    0.00    0.00    0.00    0.00
07:57:12 AM  all  100.00    0.00    0.00    0.00    0.00    0.00    0.00    0.00    0.00
07:57:13 AM  all  100.00    0.00    0.00    0.00    0.00    0.00    0.00    0.00    0.00
07:57:14 AM  all  100.00    0.00    0.00    0.00    0.00    0.00    0.00    0.00    0.00
07:57:15 AM  all  100.00    0.00    0.00    0.00    0.00    0.00    0.00    0.00    0.00
07:57:16 AM  all  100.00    0.00    0.00    0.00    0.00    0.00    0.00    0.00    0.00
07:57:17 AM  all  100.00    0.00    0.00    0.00    0.00    0.00    0.00    0.00    0.00
07:57:18 AM  all  100.00    0.00    0.00    0.00    0.00    0.00    0.00    0.00    0.00
07:57:19 AM  all  100.00    0.00    0.00    0.00    0.00    0.00    0.00    0.00    0.00
07:57:20 AM  all  100.00    0.00    0.00    0.00    0.00    0.00    0.00    0.00    0.00
07:57:21 AM  all  100.00    0.00    0.00    0.00    0.00    0.00    0.00    0.00    0.00
07:57:22 AM  all  100.00    0.00    0.00    0.00    0.00    0.00    0.00    0.00    0.00
07:57:23 AM  all  100.00    0.00    0.00    0.00    0.00    0.00    0.00    0.00    0.00
07:57:24 AM  all  100.00    0.00    0.00    0.00    0.00    0.00    0.00    0.00    0.00
07:57:25 AM  all   98.31    0.00    1.69    0.00    0.00    0.00    0.00    0.00    0.00
07:57:26 AM  all  100.00    0.00    0.00    0.00    0.00    0.00    0.00    0.00    0.00
07:57:27 AM  all  100.00    0.00    0.00    0.00    0.00    0.00    0.00    0.00    0.00
07:57:28 AM  all  100.00    0.00    0.00    0.00    0.00    0.00    0.00    0.00    0.00
07:57:29 AM  all  100.00    0.00    0.00    0.00    0.00    0.00    0.00    0.00    0.00
07:57:30 AM  all  100.00    0.00    0.00    0.00    0.00    0.00    0.00    0.00    0.00
07:57:31 AM  all  100.00    0.00    0.00    0.00    0.00    0.00    0.00    0.00    0.00
07:57:32 AM  all  100.00    0.00    0.00    0.00    0.00    0.00    0.00    0.00    0.00
07:57:33 AM  all  100.00    0.00    0.00    0.00    0.00    0.00    0.00    0.00    0.00
07:57:34 AM  all  100.00    0.00    0.00    0.00    0.00    0.00    0.00    0.00    0.00
07:57:35 AM  all  100.00    0.00    0.00    0.00    0.00    0.00    0.00    0.00    0.00
07:57:36 AM  all  100.00    0.00    0.00    0.00    0.00    0.00    0.00    0.00    0.00
07:57:37 AM  all   98.33    0.00    1.67    0.00    0.00    0.00    0.00    0.00    0.00
07:57:38 AM  all    3.72    0.00    0.00    0.00    0.00    0.00   96.28    0.00    0.00
07:57:39 AM  all  100.00    0.00    0.00    0.00    0.00    0.00    0.00    0.00    0.00
07:57:40 AM  all  100.00    0.00    0.00    0.00    0.00    0.00    0.00    0.00    0.00
07:57:41 AM  all  100.00    0.00    0.00    0.00    0.00    0.00    0.00    0.00    0.00
07:57:42 AM  all  100.00    0.00    0.00    0.00    0.00    0.00    0.00    0.00    0.00
07:57:43 AM  all  100.00    0.00    0.00    0.00    0.00    0.00    0.00    0.00    0.00
07:57:44 AM  all  100.00    0.00    0.00    0.00    0.00    0.00    0.00    0.00    0.00
07:57:45 AM  all  100.00    0.00    0.00    0.00    0.00    0.00    0.00    0.00    0.00
07:57:46 AM  all  100.00    0.00    0.00    0.00    0.00    0.00    0.00    0.00    0.00
07:57:47 AM  all  100.00    0.00    0.00    0.00    0.00    0.00    0.00    0.00    0.00
07:57:48 AM  all  100.00    0.00    0.00    0.00    0.00    0.00    0.00    0.00    0.00
07:57:49 AM  all  100.00    0.00    0.00    0.00    0.00    0.00    0.00    0.00    0.00
07:57:50 AM  all  100.00    0.00    0.00    0.00    0.00    0.00    0.00    0.00    0.00
07:57:51 AM  all    7.95    0.00    0.00    0.00    0.00    0.00   92.05    0.00    0.00
07:57:52 AM  all  100.00    0.00    0.00    0.00    0.00    0.00    0.00    0.00    0.00
07:57:53 AM  all  100.00    0.00    0.00    0.00    0.00    0.00    0.00    0.00    0.00
07:57:54 AM  all  100.00    0.00    0.00    0.00    0.00    0.00    0.00    0.00    0.00
07:57:55 AM  all  100.00    0.00    0.00    0.00    0.00    0.00    0.00    0.00    0.00
07:57:56 AM  all   98.31    0.00    1.69    0.00    0.00    0.00    0.00    0.00    0.00
07:57:57 AM  all  100.00    0.00    0.00    0.00    0.00    0.00    0.00    0.00    0.00
07:57:58 AM  all  100.00    0.00    0.00    0.00    0.00    0.00    0.00    0.00    0.00
07:57:59 AM  all  100.00    0.00    0.00    0.00    0.00    0.00    0.00    0.00    0.00
07:58:00 AM  all  100.00    0.00    0.00    0.00    0.00    0.00    0.00    0.00    0.00
07:58:01 AM  all  100.00    0.00    0.00    0.00    0.00    0.00    0.00    0.00    0.00
07:58:02 AM  all  100.00    0.00    0.00    0.00    0.00    0.00    0.00    0.00    0.00
07:58:03 AM  all    8.55    0.00    0.00    0.00    0.00    0.00   91.45    0.00    0.00
07:58:04 AM  all  100.00    0.00    0.00    0.00    0.00    0.00    0.00    0.00    0.00
07:58:05 AM  all  100.00    0.00    0.00    0.00    0.00    0.00    0.00    0.00    0.00
07:58:06 AM  all  100.00    0.00    0.00    0.00    0.00    0.00    0.00    0.00    0.00
07:58:07 AM  all   98.31    0.00    1.69    0.00    0.00    0.00    0.00    0.00    0.00
07:58:08 AM  all  100.00    0.00    0.00    0.00    0.00    0.00    0.00    0.00    0.00
07:58:09 AM  all   15.13    0.00    0.00    0.00    0.00    0.00   84.87    0.00    0.00
07:58:10 AM  all  100.00    0.00    0.00    0.00    0.00    0.00    0.00    0.00    0.00
07:58:11 AM  all  100.00    0.00    0.00    0.00    0.00    0.00    0.00    0.00    0.00
07:58:12 AM  all  100.00    0.00    0.00    0.00    0.00    0.00    0.00    0.00    0.00
07:58:13 AM  all  100.00    0.00    0.00    0.00    0.00    0.00    0.00    0.00    0.00
07:58:14 AM  all  100.00    0.00    0.00    0.00    0.00    0.00    0.00    0.00    0.00
07:58:15 AM  all  100.00    0.00    0.00    0.00    0.00    0.00    0.00    0.00    0.00
07:58:16 AM  all  100.00    0.00    0.00    0.00    0.00    0.00    0.00    0.00    0.00
07:58:17 AM  all  100.00    0.00    0.00    0.00    0.00    0.00    0.00    0.00    0.00
07:58:18 AM  all   11.47    0.00    0.00    0.00    0.00    0.00   88.53    0.00    0.00
07:58:19 AM  all  100.00    0.00    0.00    0.00    0.00    0.00    0.00    0.00    0.00
07:58:20 AM  all  100.00    0.00    0.00    0.00    0.00    0.00    0.00    0.00    0.00
07:58:21 AM  all  100.00    0.00    0.00    0.00    0.00    0.00    0.00    0.00    0.00
07:58:22 AM  all  100.00    0.00    0.00    0.00    0.00    0.00    0.00    0.00    0.00
07:58:23 AM  all  100.00    0.00    0.00    0.00    0.00    0.00    0.00    0.00    0.00
07:58:24 AM  all  100.00    0.00    0.00    0.00    0.00    0.00    0.00    0.00    0.00
07:58:25 AM  all  100.00    0.00    0.00    0.00    0.00    0.00    0.00    0.00    0.00
07:58:26 AM  all  100.00    0.00    0.00    0.00    0.00    0.00    0.00    0.00    0.00
07:58:27 AM  all  100.00    0.00    0.00    0.00    0.00    0.00    0.00    0.00    0.00
07:58:28 AM  all   10.12    0.00    0.18    0.00    0.00    0.00   89.70    0.00    0.00
07:58:30 AM  all  100.00    0.00    0.00    0.00    0.00    0.00    0.00    0.00    0.00
07:58:31 AM  all  100.00    0.00    0.00    0.00    0.00    0.00    0.00    0.00    0.00
07:58:32 AM  all   26.58    0.00    0.00    0.00    0.00    0.00   73.42    0.00    0.00
07:58:33 AM  all   98.28    0.00    1.72    0.00    0.00    0.00    0.00    0.00    0.00
07:58:34 AM  all   34.97    0.00    0.00    0.00    0.00    0.00   64.42    0.00    0.61
07:58:35 AM  all    0.00    0.00    0.00    0.00    0.00    0.00    0.00    0.00  100.00
07:58:36 AM  all    0.00    0.00    0.00    0.00    0.00    0.00    0.00    0.00  100.00
07:58:37 AM  all    0.00    0.00    0.00    0.00    0.00    0.00    0.00    0.00  100.00
07:58:38 AM  all    0.00    0.00    0.00    1.00    0.00    0.00    0.00    0.00   99.00
Average:     all   53.29    0.00    0.07    0.00    0.00    0.00   46.00    0.00    0.64
