0.0 20
0.1 16
0.2 15
0.3 16
0.4 17
0.5 16
0.6 17
0.7 17
0.8 17
0.9 16
1.0 15
1.1 16
1.2 15
1.3 15
1.4 16
1.5 16
1.6 16
1.7 17
1.8 17
1.9 16
2.0 17
2.1 16
2.2 16
2.3 15
2.4 16
2.5 19
2.6 14
2.7 17
2.8 13
2.9 16
3.0 17
3.1 17
3.2 17
3.3 12
3.4 21
3.5 13
3.6 16
3.7 19
3.8 12
3.9 16
4.0 16
4.1 17
4.2 17
4.3 16
4.4 17
4.5 17
4.6 16
4.7 14
4.8 15
4.9 16
5.0 18
5.1 13
5.2 17
5.3 18
5.4 15
5.5 17
5.6 17
5.7 16
5.8 17
5.9 17
6.0 16
6.1 13
6.2 17
6.3 13
6.4 16
6.5 19
6.6 15
6.7 20
6.8 13
6.9 17
7.0 16
7.1 15
7.2 15
7.3 16
7.4 16
7.5 18
7.6 17
7.7 12
7.8 17
7.9 17
8.0 16
8.1 17
8.2 16
8.3 16
8.4 15
8.5 15
8.6 18
8.7 16
8.8 13
8.9 17
9.0 16
9.1 17
9.2 15
9.3 19
9.4 16
9.5 15
9.6 16
9.7 15
9.8 16
9.9 15
10.0 16
10.1 19
10.2 15
10.3 16
10.4 17
10.5 16
10.6 17
10.7 15
10.8 16
10.9 15
11.0 16
11.1 15
11.2 16
11.3 17
11.4 17
11.5 20
11.6 11
11.7 16
11.8 15
11.9 17
12.0 16
12.1 17
12.2 17
12.3 17
12.4 16
12.5 17
12.6 13
12.7 17
12.8 16
12.9 17
13.0 17
13.1 15
13.2 14
13.3 17
13.4 16
13.5 17
13.6 17
13.7 15
13.8 15
13.9 16
14.0 15
14.1 20
14.2 11
14.3 21
14.4 14
14.5 16
14.6 19
14.7 18
14.8 13
14.9 19
15.0 12
15.1 19
15.2 16
15.3 15
15.4 16
15.5 15
15.6 15
15.7 16
15.8 16
15.9 17
16.0 17
16.1 16
16.2 17
16.3 17
16.4 16
16.5 15
16.6 16
16.7 15
16.8 16
16.9 15
17.0 16
17.1 17
17.2 17
17.3 16
17.4 15
17.5 16
17.6 16
17.7 17
17.8 17
17.9 16
18.0 17
18.1 17
18.2 15
18.3 16
18.4 15
18.5 16
18.6 15
18.7 16
18.8 16
18.9 17
19.0 16
19.1 17
19.2 17
19.3 17
19.4 16
19.5 15
19.6 16
19.7 15
19.8 15
19.9 16
20.0 16
20.1 17
20.2 16
20.3 17
20.4 17
20.5 17
20.6 16
20.7 15
20.8 16
20.9 15
21.0 15
21.1 16
21.2 16
21.3 17
21.4 16
21.5 17
21.6 17
21.7 16
21.8 17
21.9 15
22.0 16
22.1 15
22.2 16
22.3 15
22.4 16
22.5 17
22.6 16
22.7 17
22.8 17
22.9 16
23.0 17
23.1 15
23.2 16
23.3 15
23.4 16
23.5 15
23.6 16
23.7 17
23.8 16
23.9 17
24.0 17
24.1 16
24.2 17
24.3 15
24.4 16
24.5 15
24.6 16
24.7 15
24.8 16
24.9 16
25.0 17
25.1 17
25.2 16
25.3 17
25.4 16
25.5 15
25.6 15
25.7 15
25.8 16
25.9 15
26.0 15
26.1 17
26.2 17
26.3 16
26.4 17
26.5 17
26.6 17
26.7 15
26.8 16
26.9 15
27.0 15
27.1 16
27.2 15
27.3 17
27.4 17
27.5 16
27.6 17
27.7 16
27.8 17
27.9 15
28.0 15
28.1 15
28.2 16
28.3 15
28.4 15
28.5 17
28.6 16
28.7 16
28.8 17
28.9 16
29.0 17
29.1 16
29.2 15
29.3 16
29.4 15
29.5 16
29.6 15
29.7 16
29.8 17
29.9 16
30.0 17
30.1 17
30.2 16
30.3 16
30.4 16
30.5 15
30.6 16
30.7 15
30.8 15
30.9 16
31.0 17
31.1 16
31.2 17
31.3 16
31.4 17
31.5 16
31.6 17
31.7 12
31.8 17
31.9 17
32.0 13
32.1 16
32.2 17
32.3 17
32.4 16
32.5 17
32.6 16
32.7 17
32.8 15
32.9 15
33.0 15
33.1 16
33.2 15
33.3 16
33.4 16
33.5 17
33.6 16
33.7 17
33.8 17
33.9 12
34.0 17
34.1 18
34.2 15
34.3 15
34.4 16
34.5 15
34.6 16
34.7 17
34.8 17
34.9 17
35.0 16
35.1 17
35.2 16
35.3 15
35.4 15
35.5 16
35.6 15
35.7 15
35.8 17
35.9 17
36.0 16
36.1 20
36.2 11
36.3 19
36.4 16
36.5 15
36.6 15
36.7 16
36.8 18
36.9 11
37.0 21
37.1 14
37.2 19
37.3 13
37.4 16
37.5 17
37.6 13
37.7 20
37.8 13
37.9 17
38.0 16
38.1 17
38.2 16
38.3 15
38.4 16
38.5 15
38.6 16
38.7 15
38.8 16
38.9 17
39.0 17
39.1 16
39.2 17
39.3 17
39.4 17
39.5 16
39.6 17
39.7 16
39.8 15
39.9 16
40.0 15
40.1 20
40.2 14
40.3 13
40.4 19
40.5 15
40.6 16
40.7 17
40.8 17
40.9 16
41.0 16
41.1 15
41.2 15
41.3 16
41.4 15
41.5 16
41.6 17
41.7 17
41.8 16
41.9 17
42.0 17
42.1 16
42.2 15
42.3 16
42.4 15
42.5 16
42.6 15
42.7 16
42.8 17
42.9 17
43.0 16
43.1 17
43.2 17
43.3 16
43.4 16
43.5 15
43.6 16
43.7 15
43.8 15
43.9 16
44.0 17
44.1 17
44.2 16
44.3 17
44.4 17
44.5 16
44.6 16
44.7 15
44.8 16
44.9 15
45.0 16
45.1 15
45.2 17
45.3 16
45.4 17
45.5 17
45.6 17
45.7 16
45.8 16
45.9 15
46.0 16
46.1 15
46.2 15
46.3 16
46.4 17
46.5 16
46.6 17
46.7 17
46.8 17
46.9 12
47.0 17
47.1 17
47.2 16
47.3 17
47.4 17
47.5 16
47.6 16
47.7 15
47.8 16
47.9 19
48.0 14
48.1 17
48.2 15
48.3 16
48.4 15
48.5 15
48.6 16
48.7 15
48.8 17
48.9 17
49.0 16
49.1 17
49.2 17
49.3 16
49.4 16
49.5 16
49.6 15
49.7 16
49.8 15
49.9 15
50.0 17
50.1 17
50.2 16
50.3 17
50.4 17
50.5 17
50.6 15
50.7 16
50.8 15
50.9 16
51.0 15
51.1 16
51.2 16
51.3 17
51.4 16
51.5 17
51.6 17
51.7 16
51.8 16
51.9 16
52.0 15
52.1 16
52.2 15
52.3 15
52.4 17
52.5 16
52.6 17
52.7 17
52.8 16
52.9 17
53.0 16
53.1 16
53.2 15
53.3 15
53.4 16
53.5 15
53.6 16
53.7 17
53.8 17
53.9 17
54.0 16
54.1 17
54.2 16
54.3 15
54.4 16
54.5 15
54.6 16
54.7 15
54.8 16
54.9 17
55.0 17
55.1 16
55.2 17
55.3 17
55.4 16
55.5 15
55.6 16
55.7 15
55.8 16
55.9 15
56.0 16
56.1 17
56.2 16
56.3 17
56.4 17
56.5 16
56.6 17
56.7 15
56.8 16
56.9 15
57.0 16
57.1 15
57.2 16
57.3 16
57.4 17
57.5 17
57.6 16
57.7 17
57.8 16
57.9 16
58.0 15
58.1 15
58.2 16
58.3 15
58.4 16
58.5 16
58.6 17
58.7 17
58.8 17
58.9 16
59.0 17
59.1 15
59.2 14
59.3 17
59.4 15
59.5 16
59.6 15
59.7 17
59.8 17
59.9 16
60.0 17
60.1 17
60.2 16
60.3 16
60.4 15
60.5 16
60.6 15
60.7 16
60.8 15
60.9 17
61.0 16
61.1 17
61.2 17
61.3 17
61.4 16
61.5 16
61.6 15
61.7 16
61.8 15
61.9 16
62.0 15
62.1 17
62.2 16
62.3 17
62.4 17
62.5 17
62.6 16
62.7 16
62.8 15
62.9 16
63.0 15
63.1 16
63.2 15
63.3 19
63.4 16
63.5 15
63.6 16
63.7 15
63.8 15
63.9 17
64.0 17
64.1 16
64.2 17
64.3 17
64.4 16
64.5 16
64.6 16
64.7 15
64.8 16
64.9 15
65.0 15
65.1 17
65.2 16
65.3 17
65.4 17
65.5 16
65.6 17
65.7 16
65.8 16
65.9 15
66.0 16
66.1 15
66.2 15
66.3 16
66.4 17
66.5 17
66.6 17
66.7 16
66.8 17
66.9 16
67.0 15
67.1 16
67.2 15
67.3 15
67.4 16
67.5 16
67.6 17
67.7 16
67.8 17
67.9 17
68.0 17
68.1 16
68.2 15
68.3 16
68.4 15
68.5 15
68.6 16
68.7 16
68.8 17
68.9 16
69.0 17
69.1 17
69.2 17
69.3 16
69.4 15
69.5 16
69.6 15
69.7 15
69.8 16
69.9 16
70.0 16
70.1 17
70.2 17
70.3 16
70.4 17
70.5 17
70.6 15
70.7 15
70.8 16
70.9 15
71.0 15
71.1 16
71.2 17
71.3 16
71.4 17
71.5 17
71.6 16
71.7 17
71.8 15
71.9 16
72.0 15
72.1 16
72.2 15
72.3 16
72.4 16
72.5 17
72.6 16
72.7 17
72.8 17
72.9 16
73.0 16
73.1 15
73.2 16
73.3 15
73.4 19
73.5 16
73.6 15
73.7 16
73.8 15
73.9 17
74.0 16
74.1 13
74.2 17
74.3 17
74.4 16
74.5 17
74.6 17
74.7 16
74.8 16
74.9 16
75.0 19
75.1 11
75.2 18
75.3 17
75.4 16
75.5 15
75.6 15
75.7 16
75.8 15
75.9 16
76.0 16
76.1 17
76.2 17
76.3 15
76.4 16
76.5 15
76.6 16
76.7 17
76.8 16
76.9 17
77.0 17
77.1 13
77.2 20
77.3 13
77.4 17
77.5 19
77.6 14
77.7 17
77.8 16
77.9 15
78.0 15
78.1 16
78.2 15
78.3 16
78.4 16
78.5 17
78.6 16
78.7 17
78.8 17
78.9 17
79.0 16
79.1 15
79.2 16
79.3 15
79.4 15
79.5 16
79.6 16
79.7 17
79.8 16
79.9 17
80.0 17
80.1 17
80.2 16
80.3 15
80.4 16
80.5 15
80.6 16
80.7 15
80.8 16
80.9 17
81.0 16
81.1 17
81.2 17
81.3 17
81.4 16
81.5 15
81.6 16
81.7 15
81.8 16
81.9 15
82.0 16
82.1 17
82.2 16
82.3 17
82.4 17
82.5 17
82.6 16
82.7 15
82.8 16
82.9 15
83.0 16
83.1 15
83.2 16
83.3 17
83.4 16
83.5 17
83.6 17
83.7 17
83.8 16
83.9 16
84.0 15
84.1 16
84.2 15
84.3 15
84.4 16
84.5 17
84.6 16
84.7 17
84.8 17
84.9 17
85.0 16
85.1 16
85.2 15
85.3 16
85.4 19
85.5 11
85.6 20
85.7 13
85.8 16
85.9 17
86.0 16
86.1 15
86.2 16
86.3 16
86.4 17
86.5 17
86.6 16
86.7 17
86.8 17
86.9 15
87.0 16
87.1 15
87.2 16
87.3 15
87.4 16
87.5 16
87.6 18
87.7 15
87.8 19
87.9 12
88.0 15
88.1 19
88.2 15
88.3 16
88.4 15
88.5 16
88.6 15
88.7 19
88.8 13
88.9 17
89.0 17
89.1 17
89.2 16
89.3 16
89.4 15
89.5 16
89.6 15
89.7 16
89.8 15
89.9 16
90.0 17
90.1 16
90.2 17
90.3 17
90.4 16
90.5 13
90.6 16
90.7 17
90.8 17
90.9 17
91.0 16
91.1 17
91.2 17
91.3 12
91.4 17
91.5 15
91.6 18
91.7 16
91.8 16
91.9 15
92.0 16
92.1 15
92.2 20
92.3 11
92.4 19
92.5 15
92.6 16
92.7 15
92.8 19
92.9 16
93.0 15
93.1 16
93.2 15
93.3 16
93.4 15
93.5 15
93.6 20
93.7 15
93.8 16
93.9 15
94.0 15
94.1 16
94.2 17
94.3 17
94.4 16
94.5 19
94.6 11
94.7 16
94.8 19
94.9 16
95.0 15
95.1 16
95.2 15
95.3 19
95.4 13
95.5 21
95.6 13
95.7 16
95.8 17
95.9 17
96.0 15
96.1 16
96.2 15
96.3 15
96.4 16
96.5 15
96.6 19
96.7 16
96.8 15
96.9 17
97.0 17
97.1 16
97.2 17
97.3 13
97.4 17
97.5 16
97.6 17
97.7 13
97.8 19
97.9 14
98.0 17
98.1 16
98.2 17
98.3 17
98.4 13
98.5 18
98.6 15
98.7 16
98.8 19
98.9 15
99.0 16
99.1 15
99.2 15
99.3 17
99.4 18
99.5 15
99.6 16
99.7 15
99.8 16
99.9 15
100.0 16
100.1 15
100.2 17
100.3 18
100.4 15
100.5 17
100.6 16
100.7 14
100.8 19
100.9 16
101.0 18
101.1 12
101.2 16
101.3 15
101.4 16
101.5 17
101.6 17
101.7 16
101.8 17
101.9 17
102.0 16
102.1 15
102.2 16
102.3 15
102.4 16
102.5 15
102.6 16
102.7 19
102.8 15
102.9 15
103.0 20
103.1 14
103.2 16
103.3 16
103.4 14
103.5 17
103.6 16
103.7 17
103.8 17
103.9 17
104.0 16
104.1 16
104.2 16
104.3 15
104.4 16
104.5 15
104.6 15
104.7 16
104.8 17
104.9 17
105.0 17
105.1 16
105.2 17
105.3 16
105.4 16
105.5 15
105.6 16
105.7 15
105.8 16
105.9 15
106.0 17
106.1 17
106.2 16
106.3 17
106.4 17
106.5 16
106.6 16
106.7 15
106.8 15
106.9 16
107.0 15
107.1 16
107.2 17
107.3 16
107.4 17
107.5 17
107.6 16
107.7 17
107.8 16
107.9 15
108.0 15
108.1 16
108.2 15
108.3 16
108.4 17
108.5 16
108.6 17
108.7 17
108.8 16
108.9 17
109.0 16
109.1 15
109.2 15
109.3 16
109.4 15
109.5 16
109.6 16
109.7 17
109.8 17
109.9 16
110.0 17
110.1 17
110.2 15
110.3 16
110.4 15
110.5 16
110.6 15
110.7 16
110.8 16
110.9 17
111.0 17
111.1 16
111.2 15
111.3 15
111.4 16
111.5 17
111.6 17
111.7 17
111.8 16
111.9 17
112.0 13
112.1 20
112.2 13
112.3 17
112.4 17
112.5 16
112.6 16
112.7 16
112.8 15
112.9 16
113.0 17
113.1 17
113.2 13
113.3 17
113.4 16
113.5 17
113.6 17
113.7 17
113.8 15
113.9 16
114.0 15
114.1 17
114.2 14
114.3 16
114.4 16
114.5 17
114.6 16
114.7 16
114.8 20
114.9 11
115.0 20
115.1 13
115.2 21
115.3 12
115.4 17
115.5 17
115.6 17
115.7 12
115.8 17
115.9 17
116.0 17
116.1 16
116.2 17
116.3 15
116.4 15
116.5 20
116.6 13
116.7 17
116.8 16
116.9 13
117.0 18
117.1 15
117.2 16
117.3 19
117.4 16
117.5 14
117.6 19
117.7 16
117.8 15
117.9 15
118.0 15
118.1 15
118.2 16
118.3 15
118.4 17
118.5 16
118.6 17
118.7 17
118.8 16
118.9 17
119.0 15
119.1 16
119.2 15
119.3 16
119.4 15
119.5 15
119.6 17
119.7 16
119.8 17
119.9 17
120.0 16
120.1 16
120.2 16
120.3 15
120.4 16
120.5 15
120.6 15
120.7 16
120.8 17
120.9 16
121.0 17
121.1 17
121.2 16
121.3 17
121.4 15
121.5 16
121.6 15
121.7 15
121.8 16
121.9 15
122.0 17
122.1 16
122.2 17
122.3 17
122.4 17
122.5 16
122.6 16
122.7 15
122.8 16
122.9 15
123.0 16
123.1 15
123.2 17
123.3 16
123.4 17
123.5 17
123.6 17
123.7 16
123.8 16
123.9 15
124.0 16
124.1 15
124.2 16
124.3 15
124.4 17
124.5 17
124.6 16
124.7 17
124.8 17
124.9 16
125.0 16
125.1 16
125.2 15
125.3 15
125.4 16
125.5 15
125.6 17
125.7 16
125.8 17
125.9 17
126.0 16
126.1 17
126.2 13
126.3 17
126.4 16
126.5 17
126.6 17
126.7 12
126.8 16
126.9 16
127.0 17
127.1 17
127.2 16
127.3 17
127.4 16
127.5 16
127.6 15
127.7 15
127.8 16
127.9 15
128.0 16
128.1 17
128.2 17
128.3 16
128.4 17
128.5 17
128.6 16
128.7 17
128.8 17
128.9 16
129.0 16
129.1 15
129.2 15
129.3 16
129.4 15
129.5 16
129.6 17
129.7 16
129.8 17
129.9 17
130.0 17
130.1 16
130.2 15
130.3 16
130.4 15
130.5 16
130.6 15
130.7 16
130.8 16
130.9 17
131.0 17
131.1 17
131.2 16
131.3 13
131.4 17
131.5 17
131.6 16
131.7 15
131.8 16
131.9 15
132.0 17
132.1 17
132.2 16
132.3 17
132.4 17
132.5 13
132.6 17
132.7 16
132.8 17
132.9 16
133.0 17
133.1 17
133.2 15
133.3 15
133.4 16
133.5 15
133.6 16
133.7 15
133.8 17
133.9 17
134.0 16
134.1 16
134.2 15
134.3 15
134.4 17
134.5 17
134.6 17
134.7 16
134.8 17
134.9 17
135.0 15
135.1 16
135.2 15
135.3 16
135.4 15
135.5 15
135.6 17
135.7 17
135.8 16
135.9 17
136.0 16
136.1 17
136.2 16
136.3 14
136.4 20
136.5 12
136.6 15
136.7 19
136.8 16
136.9 14
137.0 17
137.1 16
137.2 17
137.3 17
137.4 16
137.5 17
137.6 17
137.7 16
137.8 15
137.9 15
138.0 16
138.1 15
138.2 16
138.3 16
138.4 17
138.5 17
138.6 16
138.7 17
138.8 17
138.9 16
139.0 15
139.1 16
139.2 15
139.3 15
139.4 16
139.5 16
139.6 17
139.7 17
139.8 16
139.9 17
140.0 17
140.1 16
140.2 15
140.3 16
140.4 15
140.5 15
140.6 16
140.7 16
140.8 17
140.9 16
141.0 17
141.1 17
141.2 17
141.3 16
141.4 15
141.5 16
141.6 15
141.7 15
141.8 16
141.9 16
142.0 17
142.1 16
142.2 17
142.3 17
142.4 17
142.5 16
142.6 15
142.7 16
142.8 15
142.9 15
143.0 16
143.1 16
143.2 17
143.3 16
143.4 17
143.5 17
143.6 16
143.7 17
143.8 15
143.9 15
144.0 16
144.1 15
144.2 16
144.3 15
144.4 17
144.5 17
144.6 17
144.7 16
144.8 17
144.9 16
145.0 16
145.1 15
145.2 16
145.3 15
145.4 15
145.5 16
145.6 17
145.7 17
145.8 16
145.9 17
146.0 17
146.1 16
146.2 16
146.3 15
146.4 15
146.5 16
146.6 15
146.7 16
146.8 17
146.9 16
147.0 17
147.1 16
147.2 17
147.3 17
147.4 15
147.5 15
147.6 15
147.7 15
147.8 15
147.9 15
148.0 16
148.1 16
148.2 17
148.3 19
148.4 11
148.5 19
148.6 13
148.7 20
148.8 12
148.9 16
149.0 17
149.1 17
149.2 16
149.3 17
149.4 13
149.5 16
149.6 17
149.7 16
149.8 17
149.9 15
150.0 14
150.1 17
150.2 17
150.3 16
150.4 13
150.5 19
150.6 15
150.7 16
150.8 15
150.9 15
151.0 20
151.1 15
151.2 15
151.3 20
151.4 13
151.5 14
151.6 19
151.7 17
151.8 14
151.9 15
152.0 15
152.1 16
152.2 15
152.3 17
152.4 17
152.5 16
152.6 17
152.7 17
152.8 16
152.9 16
153.0 16
153.1 15
153.2 15
153.3 16
153.4 15
153.5 16
153.6 17
153.7 17
153.8 16
153.9 17
154.0 17
154.1 16
154.2 17
154.3 13
154.4 17
154.5 16
154.6 17
154.7 17
154.8 16
154.9 14
155.0 20
155.1 13
155.2 16
155.3 17
155.4 17
155.5 16
155.6 16
155.7 16
155.8 15
155.9 16
156.0 15
156.1 15
156.2 17
156.3 16
156.4 17
156.5 17
156.6 16
156.7 17
156.8 16
156.9 13
157.0 17
157.1 16
157.2 15
157.3 16
157.4 16
157.5 17
157.6 16
157.7 17
157.8 17
157.9 16
158.0 17
158.1 15
158.2 16
158.3 15
158.4 15
158.5 16
158.6 16
158.7 16
158.8 17
158.9 17
159.0 16
159.1 17
159.2 17
159.3 15
159.4 15
159.5 16
159.6 15
159.7 16
159.8 15
159.9 17
160.0 16
160.1 17
160.2 17
160.3 17
160.4 16
160.5 16
160.6 14
160.7 17
160.8 16
160.9 17
161.0 16
161.1 16
161.2 18
161.3 13
161.4 16
161.5 17
161.6 17
161.7 15
161.8 16
161.9 19
162.0 13
162.1 16
162.2 17
162.3 15
162.4 16
162.5 15
162.6 16
162.7 15
162.8 16
162.9 16
163.0 17
163.1 17
163.2 16
163.3 17
163.4 17
163.5 15
163.6 16
163.7 15
163.8 16
163.9 15
164.0 15
164.1 17
164.2 17
164.3 16
164.4 20
164.5 14
164.6 17
164.7 15
164.8 16
164.9 15
165.0 15
165.1 16
165.2 15
165.3 16
165.4 17
165.5 17
165.6 17
165.7 16
165.8 17
165.9 16
166.0 15
166.1 16
166.2 15
166.3 15
166.4 16
166.5 16
166.6 19
166.7 18
166.8 16
166.9 16
167.0 15
167.1 16
167.2 15
167.3 15
167.4 17
167.5 16
167.6 17
167.7 17
167.8 17
167.9 16
168.0 16
168.1 16
168.2 15
168.3 15
168.4 16
168.5 15
168.6 16
168.7 17
168.8 18
168.9 16
169.0 14
169.1 16
169.2 19
169.3 14
169.4 16
169.5 17
169.6 17
169.7 13
169.8 16
169.9 17
170.0 17
170.1 16
170.2 17
170.3 17
170.4 16
170.5 15
170.6 16
170.7 15
170.8 16
170.9 15
171.0 16
171.1 17
171.2 17
171.3 16
171.4 17
171.5 17
171.6 16
171.7 16
171.8 15
171.9 15
172.0 16
172.1 15
172.2 16
172.3 17
172.4 16
172.5 17
172.6 15
172.7 19
172.8 16
172.9 15
173.0 18
173.1 13
173.2 15
173.3 16
173.4 16
173.5 16
173.6 17
173.7 17
173.8 19
173.9 14
174.0 17
174.1 15
174.2 16
174.3 15
174.4 15
174.5 16
174.6 15
174.7 17
174.8 17
174.9 16
175.0 17
175.1 17
175.2 16
175.3 13
175.4 21
175.5 13
175.6 15
175.7 15
175.8 16
175.9 17
176.0 16
176.1 17
176.2 17
176.3 16
176.4 17
176.5 17
176.6 16
176.7 17
176.8 16
176.9 15
177.0 16
177.1 15
177.2 15
177.3 16
177.4 16
177.5 17
177.6 17
177.7 17
177.8 16
177.9 17
178.0 16
178.1 15
178.2 16
178.3 15
178.4 15
178.5 16
178.6 16
178.7 17
178.8 17
178.9 16
179.0 17
179.1 17
179.2 16
179.3 13
179.4 17
179.5 16
179.6 15
179.7 16
179.8 16
179.9 17
180.0 16
180.1 17
180.2 17
180.3 16
180.4 16
180.5 16
180.6 15
180.7 16
180.8 15
180.9 16
181.0 16
181.1 17
181.2 16
181.3 17
181.4 17
181.5 17
181.6 16
181.7 15
181.8 19
181.9 13
182.0 16
182.1 17
182.2 16
182.3 15
182.4 16
182.5 15
182.6 16
182.7 15
182.8 16
182.9 17
183.0 17
183.1 16
183.2 17
183.3 17
183.4 16
183.5 15
183.6 16
183.7 16
183.8 15
183.9 15
184.0 16
184.1 19
184.2 14
184.3 17
184.4 17
184.5 13
184.6 16
184.7 19
184.8 16
184.9 15
185.0 15
185.1 16
185.2 16
185.3 19
185.4 15
185.5 16
185.6 17
185.7 16
185.8 17
185.9 17
186.0 16
186.1 17
186.2 15
186.3 16
186.4 15
186.5 16
186.6 15
186.7 16
186.8 16
186.9 17
187.0 17
187.1 17
187.2 16
187.3 17
187.4 15
187.5 16
187.6 15
187.7 15
187.8 16
187.9 15
188.0 17
188.1 16
188.2 17
188.3 17
188.4 16
188.5 17
188.6 15
188.7 16
188.8 15
188.9 16
189.0 15
189.1 15
189.2 17
189.3 17
189.4 17
189.5 16
189.6 17
189.7 17
189.8 15
189.9 16
190.0 15
190.1 15
190.2 16
190.3 15
190.4 17
190.5 16
190.6 17
190.7 17
190.8 17
190.9 16
191.0 16
191.1 15
191.2 16
191.3 15
191.4 15
191.5 15
191.6 16
191.7 17
191.8 17
191.9 16
192.0 17
192.1 17
192.2 16
192.3 15
192.4 15
192.5 16
192.6 15
192.7 16
192.8 16
192.9 17
193.0 16
193.1 17
193.2 17
193.3 16
193.4 16
193.5 16
193.6 15
193.7 16
193.8 17
193.9 13
194.0 17
194.1 16
194.2 18
194.3 16
194.4 16
194.5 17
194.6 17
194.7 16
194.8 17
194.9 16
195.0 16
195.1 14
195.2 16
195.3 16
195.4 15
195.5 16
195.6 15
195.7 16
195.8 16
195.9 16
196.0 17
196.1 16
196.2 19
196.3 15
196.4 15
196.5 16
196.6 15
196.7 16
196.8 17
196.9 16
197.0 17
197.1 17
197.2 16
197.3 17
197.4 15
197.5 16
197.6 15
197.7 15
197.8 16
197.9 16
198.0 16
198.1 17
198.2 17
198.3 16
198.4 17
198.5 17
198.6 15
198.7 15
198.8 16
198.9 15
199.0 16
199.1 15
199.2 17
199.3 17
199.4 17
199.5 16
199.6 17
199.7 17
199.8 15
199.9 16
200.0 15
200.1 15
200.2 16
200.3 15
200.4 17
200.5 17
200.6 16
200.7 17
200.8 17
200.9 17
201.0 15
201.1 15
201.2 16
201.3 15
201.4 16
201.5 15
201.6 17
201.7 17
201.8 16
201.9 17
202.0 17
202.1 16
202.2 16
202.3 15
202.4 16
202.5 15
202.6 16
202.7 15
202.8 17
202.9 16
203.0 17
203.1 17
203.2 17
203.3 16
203.4 16
203.5 15
203.6 16
203.7 15
203.8 16
203.9 15
204.0 17
204.1 16
204.2 17
204.3 17
204.4 17
204.5 16
204.6 16
204.7 15
204.8 16
204.9 15
205.0 16
205.1 15
205.2 17
205.3 16
205.4 17
205.5 17
205.6 16
205.7 17
205.8 16
205.9 15
206.0 16
206.1 15
206.2 16
206.3 15
206.4 16
206.5 17
206.6 17
206.7 17
206.8 16
206.9 17
207.0 16
207.1 15
207.2 15
207.3 16
207.4 15
207.5 16
207.6 16
207.7 16
207.8 16
207.9 17
208.0 17
208.1 16
208.2 16
208.3 16
208.4 15
208.5 15
208.6 16
208.7 15
208.8 16
208.9 17
209.0 16
209.1 17
209.2 17
209.3 16
209.4 16
209.5 16
209.6 15
209.7 15
209.8 16
209.9 15
210.0 16
210.1 17
210.2 16
210.3 17
210.4 16
210.5 17
210.6 17
210.7 15
210.8 15
210.9 16
211.0 15
211.1 16
211.2 15
211.3 17
211.4 17
211.5 16
211.6 17
211.7 16
211.8 17
211.9 15
212.0 15
212.1 16
212.2 16
212.3 15
212.4 18
212.5 12
212.6 18
212.7 16
212.8 13
212.9 16
213.0 18
213.1 19
213.2 11
213.3 16
213.4 15
213.5 17
213.6 17
213.7 20
213.8 13
213.9 17
214.0 12
214.1 19
214.2 16
214.3 15
214.4 16
214.5 15
214.6 16
214.7 16
214.8 17
214.9 17
215.0 15
215.1 18
215.2 17
215.3 12
215.4 17
215.5 16
215.6 17
215.7 17
215.8 16
215.9 17
216.0 14
216.1 15
216.2 16
216.3 15
216.4 16
216.5 16
216.6 17
216.7 17
216.8 16
216.9 17
217.0 17
217.1 15
217.2 16
217.3 15
217.4 17
217.5 16
217.6 13
217.7 17
217.8 17
217.9 16
218.0 17
218.1 17
218.2 13
218.3 16
218.4 21
218.5 13
218.6 15
218.7 16
218.8 19
218.9 17
219.0 16
219.1 17
219.2 15
219.3 16
219.4 15
219.5 16
219.6 15
219.7 15
219.8 17
219.9 17
220.0 16
220.1 17
220.2 17
220.3 16
220.4 16
220.5 16
220.6 15
220.7 15
220.8 16
220.9 15
221.0 16
221.1 17
221.2 17
221.3 16
221.4 17
221.5 16
221.6 16
221.7 16
221.8 15
221.9 16
222.0 15
222.1 16
222.2 16
222.3 16
222.4 17
222.5 17
222.6 16
222.7 17
222.8 16
222.9 15
223.0 16
223.1 15
223.2 16
223.3 15
223.4 16
223.5 17
223.6 16
223.7 17
223.8 17
223.9 16
224.0 17
224.1 15
224.2 15
224.3 16
224.4 17
224.5 16
224.6 17
224.7 15
224.8 16
224.9 15
225.0 15
225.1 18
225.2 17
225.3 15
225.4 15
225.5 16
225.6 19
225.7 12
225.8 15
225.9 17
226.0 17
226.1 16
226.2 17
226.3 17
226.4 16
226.5 15
226.6 16
226.7 15
226.8 19
226.9 12
227.0 19
227.1 13
227.2 18
227.3 15
227.4 17
227.5 14
227.6 19
227.7 16
227.8 15
227.9 15
228.0 17
228.1 14
228.2 16
228.3 16
228.4 19
228.5 19
228.6 11
228.7 16
228.8 15
228.9 17
229.0 17
229.1 16
229.2 17
229.3 17
229.4 16
229.5 16
229.6 15
229.7 16
229.8 15
229.9 16
230.0 15
230.1 17
230.2 16
230.3 17
230.4 17
230.5 16
230.6 17
230.7 13
230.8 21
230.9 12
231.0 16
231.1 18
231.2 13
231.3 19
231.4 16
231.5 15
231.6 15
231.7 16
231.8 15
231.9 17
232.0 16
232.1 17
232.2 16
232.3 18
232.4 16
232.5 16
232.6 17
232.7 13
232.8 16
232.9 15
233.0 15
233.1 16
233.2 17
233.3 17
233.4 17
233.5 16
233.6 17
233.7 13
233.8 16
233.9 17
234.0 17
234.1 16
234.2 17
234.3 16
234.4 15
234.5 19
234.6 12
234.7 17
234.8 14
234.9 19
235.0 15
235.1 15
235.2 17
235.3 16
235.4 17
235.5 16
235.6 15
235.7 16
235.8 15
235.9 16
236.0 15
236.1 19
236.2 16
236.3 15
236.4 16
236.5 16
236.6 17
236.7 17
236.8 17
236.9 16
237.0 16
237.1 16
237.2 15
237.3 15
237.4 16
237.5 15
237.6 16
237.7 17
237.8 16
237.9 17
238.0 17
238.1 17
238.2 16
238.3 16
238.4 15
238.5 15
238.6 16
238.7 15
238.8 16
238.9 16
239.0 17
239.1 17
239.2 16
239.3 17
239.4 16
239.5 15
239.6 16
239.7 15
239.8 16
239.9 15
240.0 16
240.1 16
240.2 17
240.3 17
240.4 16
240.5 17
240.6 17
240.7 15
240.8 15
240.9 16
241.0 15
241.1 16
241.2 15
241.3 17
241.4 16
241.5 17
241.6 16
241.7 17
241.8 17
241.9 15
242.0 16
242.1 15
242.2 15
242.3 16
242.4 15
242.5 17
242.6 16
242.7 17
242.8 17
242.9 16
243.0 17
243.1 16
243.2 15
243.3 15
243.4 16
243.5 15
243.6 16
243.7 16
243.8 16
243.9 17
244.0 17
244.1 16
244.2 17
244.3 16
244.4 15
244.5 15
244.6 15
244.7 15
244.8 16
244.9 16
245.0 16
245.1 17
245.2 16
245.3 17
245.4 17
245.5 16
245.6 15
245.7 15
245.8 16
245.9 15
246.0 15
246.1 16
246.2 16
246.3 17
246.4 17
246.5 16
246.6 17
246.7 16
246.8 15
246.9 15
247.0 16
247.1 15
247.2 15
247.3 16
247.4 17
247.5 16
247.6 16
247.7 17
247.8 16
247.9 13
248.0 16
248.1 17
248.2 16
248.3 17
248.4 17
248.5 16
248.6 15
248.7 16
248.8 15
248.9 16
249.0 15
249.1 16
249.2 17
249.3 16
249.4 16
249.5 17
249.6 17
249.7 16
249.8 16
249.9 14
250.0 16
250.1 16
250.2 15
250.3 15
250.4 17
250.5 16
250.6 16
250.7 17
250.8 16
250.9 17
251.0 15
251.1 14
251.2 16
251.3 17
251.4 17
251.5 17
251.6 15
251.7 15
251.8 16
251.9 15
252.0 16
252.1 15
252.2 19
252.3 16
252.4 15
252.5 15
252.6 16
252.7 15
252.8 16
252.9 17
253.0 17
253.1 17
253.2 16
253.3 17
253.4 16
253.5 15
253.6 16
253.7 15
253.8 16
253.9 15
254.0 16
254.1 17
254.2 16
254.3 17
254.4 16
254.5 17
254.6 16
254.7 15
254.8 16
254.9 15
255.0 15
255.1 16
255.2 16
255.3 17
255.4 16
255.5 17
255.6 17
255.7 16
255.8 17
255.9 15
256.0 15
256.1 15
256.2 16
256.3 15
256.4 16
256.5 16
256.6 17
256.7 17
256.8 16
256.9 17
257.0 17
257.1 15
257.2 15
257.3 16
257.4 15
257.5 16
257.6 15
257.7 17
257.8 16
257.9 17
258.0 17
258.1 16
258.2 16
258.3 16
258.4 15
258.5 19
258.6 12
258.7 15
258.8 15
258.9 17
259.0 16
259.1 17
259.2 16
259.3 17
259.4 17
259.5 15
259.6 15
259.7 16
259.8 15
259.9 18
260.0 13
260.1 16
260.2 16
260.3 17
260.4 16
260.5 15
260.6 19
260.7 12
260.8 18
260.9 15
261.0 17
261.1 16
261.2 17
261.3 16
261.4 15
261.5 15
261.6 16
261.7 15
261.8 16
261.9 16
262.0 17
262.1 16
262.2 17
262.3 16
262.4 17
262.5 16
262.6 15
262.7 15
262.8 15
262.9 18
263.0 13
263.1 16
263.2 16
263.3 17
263.4 17
263.5 16
263.6 17
263.7 15
263.8 16
263.9 15
264.0 15
264.1 15
264.2 16
264.3 16
264.4 16
264.5 17
264.6 16
264.7 16
264.8 18
264.9 15
265.0 15
265.1 16
265.2 15
265.3 15
265.4 15
265.5 16
265.6 20
265.7 13
265.8 16
265.9 15
266.0 15
266.1 20
266.2 12
266.3 17
266.4 16
266.5 17
266.6 17
266.7 15
266.8 13
266.9 17
267.0 17
267.1 16
267.2 14
267.3 15
267.4 17
267.5 17
267.6 20
267.7 11
267.8 19
267.9 11
268.0 19
268.1 16
268.2 15
268.3 15
268.4 16
268.5 18
268.6 15
268.7 16
268.8 15
268.9 16
269.0 15
269.1 16
269.2 19
269.3 15
269.4 15
269.5 15
269.6 16
269.7 15
269.8 15
269.9 17
270.0 16
270.1 17
270.2 17
270.3 17
270.4 16
270.5 15
270.6 15
270.7 16
270.8 15
270.9 15
271.0 19
271.1 13
271.2 17
271.3 16
271.4 17
271.5 17
271.6 16
271.7 13
271.8 18
271.9 15
272.0 19
272.1 12
272.2 15
272.3 20
272.4 13
272.5 17
272.6 16
272.7 17
272.8 16
272.9 16
273.0 15
273.1 16
273.2 15
273.3 16
273.4 15
273.5 16
273.6 17
273.7 17
273.8 19
273.9 12
274.0 19
274.1 12
274.2 20
274.3 13
274.4 17
274.5 16
274.6 17
274.7 16
274.8 15
274.9 16
275.0 15
275.1 16
275.2 15
275.3 16
275.4 17
275.5 17
275.6 16
275.7 17
275.8 17
275.9 16
276.0 15
276.1 16
276.2 15
276.3 16
276.4 15
276.5 16
276.6 17
276.7 16
276.8 17
276.9 17
277.0 16
277.1 17
277.2 15
277.3 15
277.4 16
277.5 15
277.6 16
277.7 16
277.8 16
277.9 17
278.0 17
278.1 16
278.2 17
278.3 17
278.4 15
278.5 16
278.6 15
278.7 15
278.8 16
278.9 16
279.0 16
279.1 17
279.2 17
279.3 17
279.4 16
279.5 17
279.6 15
279.7 16
279.8 15
279.9 16
280.0 15
280.1 16
280.2 16
280.3 17
280.4 17
280.5 16
280.6 17
280.7 17
280.8 15
280.9 16
281.0 15
281.1 15
281.2 20
281.3 15
281.4 15
281.5 16
281.6 15
281.7 16
281.8 15
281.9 15
282.0 17
282.1 17
282.2 16
282.3 17
282.4 17
282.5 17
282.6 15
282.7 16
282.8 15
282.9 15
283.0 16
283.1 15
283.2 17
283.3 16
283.4 17
283.5 17
283.6 17
283.7 16
283.8 16
283.9 15
284.0 16
284.1 15
284.2 16
284.3 15
284.4 17
284.5 16
284.6 17
284.7 17
284.8 17
284.9 16
285.0 16
285.1 15
285.2 16
285.3 15
285.4 16
285.5 15
285.6 17
285.7 16
285.8 17
285.9 17
286.0 16
286.1 17
286.2 16
286.3 16
286.4 15
286.5 16
286.6 15
286.7 15
286.8 16
286.9 17
287.0 16
287.1 17
287.2 17
287.3 17
287.4 16
287.5 15
287.6 16
287.7 15
287.8 15
287.9 16
288.0 16
288.1 16
288.2 17
288.3 17
288.4 17
288.5 16
288.6 17
288.7 15
288.8 15
288.9 16
289.0 15
289.1 16
289.2 16
289.3 16
289.4 17
289.5 17
289.6 17
289.7 16
289.8 16
289.9 16
290.0 15
290.1 16
290.2 15
290.3 16
290.4 16
290.5 16
290.6 17
290.7 17
290.8 16
290.9 17
291.0 16
291.1 16
291.2 15
291.3 15
291.4 16
291.5 15
291.6 16
291.7 17
291.8 16
291.9 17
292.0 17
292.1 16
292.2 17
292.3 15
292.4 16
292.5 15
292.6 16
292.7 15
292.8 16
292.9 16
293.0 17
293.1 17
293.2 16
293.3 17
293.4 17
293.5 15
293.6 16
293.7 15
293.8 16
293.9 15
294.0 15
294.1 17
294.2 17
294.3 16
294.4 17
294.5 17
294.6 17
294.7 15
294.8 15
294.9 16
295.0 15
295.1 16
295.2 15
295.3 17
295.4 17
295.5 16
295.6 17
295.7 17
295.8 16
295.9 16
296.0 15
296.1 16
296.2 15
296.3 16
296.4 15
296.5 16
296.6 17
296.7 17
296.8 16
296.9 17
297.0 17
297.1 15
297.2 16
297.3 15
297.4 16
297.5 15
297.6 16
297.7 16
297.8 16
297.9 17
298.0 17
298.1 16
298.2 17
298.3 16
298.4 16
298.5 15
298.6 15
298.7 16
298.8 15
298.9 16
299.0 17
299.1 17
299.2 17
299.3 16
299.4 17
299.5 16
299.6 16
299.7 15
299.8 16
299.9 15
300.0 15
300.1 16
300.2 17
300.3 17
300.4 16
300.5 17
300.6 17
300.7 16
300.8 15
300.9 16
301.0 15
301.1 16
301.2 15
301.3 16
301.4 17
301.5 16
301.6 17
301.7 17
301.8 16
301.9 16
302.0 16
302.1 15
302.2 15
302.3 16
302.4 15
302.5 16
302.6 17
302.7 17
302.8 16
302.9 17
303.0 17
303.1 16
303.2 16
303.3 15
303.4 15
303.5 16
303.6 15
303.7 16
303.8 17
303.9 16
304.0 17
304.1 17
304.2 16
304.3 17
304.4 15
304.5 16
304.6 15
304.7 16
304.8 15
304.9 16
305.0 17
305.1 16
305.2 17
305.3 17
305.4 16
305.5 17
305.6 16
305.7 15
305.8 16
305.9 15
306.0 15
306.1 16
306.2 16
306.3 17
306.4 17
306.5 17
306.6 16
306.7 17
306.8 16
306.9 15
307.0 16
307.1 15
307.2 15
307.3 16
307.4 16
307.5 17
307.6 17
307.7 16
307.8 17
307.9 17
308.0 15
308.1 16
308.2 15
308.3 16
308.4 15
308.5 16
308.6 16
308.7 17
308.8 17
308.9 16
309.0 17
309.1 17
309.2 15
309.3 16
309.4 15
309.5 16
309.6 15
309.7 16
309.8 16
309.9 17
310.0 16
310.1 17
310.2 17
310.3 17
310.4 16
310.5 15
310.6 16
310.7 15
310.8 15
310.9 16
311.0 15
311.1 17
311.2 17
311.3 16
311.4 17
311.5 17
311.6 16
311.7 15
311.8 16
311.9 15
312.0 16
312.1 15
312.2 16
312.3 17
312.4 17
312.5 16
312.6 17
312.7 17
312.8 16
312.9 16
313.0 15
313.1 15
313.2 16
313.3 15
313.4 16
313.5 17
313.6 17
313.7 17
313.8 16
313.9 17
314.0 16
314.1 16
314.2 15
314.3 15
314.4 16
314.5 15
314.6 16
314.7 17
314.8 16
314.9 17
315.0 17
315.1 16
315.2 17
315.3 15
315.4 16
315.5 15
315.6 15
315.7 16
315.8 15
315.9 17
316.0 17
316.1 16
316.2 17
316.3 17
316.4 17
316.5 15
316.6 15
316.7 16
316.8 15
316.9 15
317.0 16
317.1 17
317.2 16
317.3 17
317.4 17
317.5 16
317.6 17
317.7 15
317.8 16
317.9 15
318.0 16
318.1 15
318.2 16
318.3 16
318.4 17
318.5 17
318.6 17
318.7 16
318.8 17
318.9 16
319.0 15
319.1 15
319.2 16
319.3 15
319.4 16
319.5 16
319.6 17
319.7 17
319.8 17
319.9 16
320.0 17
320.1 16
320.2 15
320.3 16
320.4 15
320.5 16
320.6 15
320.7 17
320.8 16
320.9 17
321.0 17
321.1 16
321.2 17
321.3 16
321.4 15
321.5 16
321.6 15
321.7 16
321.8 15
321.9 17
322.0 16
322.1 17
322.2 17
322.3 17
322.4 16
322.5 16
322.6 16
322.7 15
322.8 16
322.9 15
323.0 15
323.1 17
323.2 16
323.3 17
323.4 17
323.5 16
323.6 17
323.7 16
323.8 15
323.9 16
324.0 15
324.1 16
324.2 15
324.3 16
324.4 17
324.5 17
324.6 17
324.7 16
324.8 17
324.9 16
325.0 16
325.1 15
325.2 16
325.3 15
325.4 15
325.5 16
325.6 17
325.7 17
325.8 17
325.9 16
326.0 17
326.1 16
326.2 15
326.3 16
326.4 15
326.5 16
326.6 15
326.7 16
326.8 16
326.9 17
327.0 17
327.1 16
327.2 17
327.3 16
327.4 16
327.5 15
327.6 15
327.7 16
327.8 15
327.9 15
328.0 16
328.1 16
328.2 16
328.3 17
328.4 16
328.5 17
328.6 15
328.7 15
328.8 15
328.9 15
329.0 16
329.1 15
329.2 17
329.3 16
329.4 17
329.5 17
329.6 17
329.7 16
329.8 16
329.9 15
330.0 16
330.1 15
330.2 15
330.3 15
330.4 16
330.5 17
330.6 16
330.7 17
330.8 17
330.9 16
331.0 16
331.1 16
331.2 15
331.3 15
331.4 19
331.5 14
331.6 16
331.7 15
331.8 16
331.9 15
332.0 16
332.1 15
332.2 16
332.3 16
332.4 17
332.5 17
332.6 16
332.7 17
332.8 16
332.9 15
333.0 15
333.1 16
333.2 15
333.3 15
333.4 16
333.5 16
333.6 17
333.7 17
333.8 16
333.9 17
334.0 17
334.1 15
334.2 15
334.3 16
334.4 15
334.5 16
334.6 15
334.7 17
334.8 16
334.9 17
335.0 17
335.1 14
335.2 15
335.3 17
335.4 16
335.5 17
335.6 17
335.7 16
335.8 17
335.9 16
336.0 16
336.1 15
336.2 15
336.3 17
336.4 17
336.5 16
336.6 15
336.7 16
336.8 15
336.9 19
337.0 15
337.1 16
337.2 16
337.3 15
337.4 15
337.5 16
337.6 15
337.7 16
337.8 17
337.9 16
338.0 17
338.1 17
338.2 16
338.3 17
338.4 15
338.5 16
338.6 15
338.7 16
338.8 15
338.9 16
339.0 16
339.1 17
339.2 17
339.3 16
339.4 17
339.5 17
339.6 15
339.7 16
339.8 15
339.9 15
340.0 16
340.1 15
340.2 17
340.3 17
340.4 16
340.5 17
340.6 17
340.7 16
340.8 16
340.9 15
341.0 16
341.1 15
341.2 16
341.3 15
341.4 16
341.5 17
341.6 17
341.7 17
341.8 16
341.9 17
342.0 16
342.1 15
342.2 15
342.3 16
342.4 15
342.5 16
342.6 16
342.7 17
342.8 16
342.9 17
343.0 17
343.1 17
343.2 15
343.3 14
343.4 17
343.5 16
343.6 15
343.7 16
343.8 16
343.9 16
344.0 17
344.1 17
344.2 16
344.3 17
344.4 16
344.5 16
344.6 15
344.7 16
344.8 15
344.9 16
345.0 15
345.1 17
345.2 16
345.3 17
345.4 17
345.5 16
345.6 17
345.7 15
345.8 16
345.9 15
346.0 16
346.1 15
346.2 16
346.3 16
346.4 17
346.5 16
346.6 17
346.7 17
346.8 16
346.9 16
347.0 15
347.1 16
347.2 15
347.3 15
347.4 15
347.5 16
347.6 17
347.7 17
347.8 17
347.9 16
348.0 17
348.1 16
348.2 16
348.3 15
348.4 15
348.5 16
348.6 15
348.7 16
348.8 17
348.9 17
349.0 17
349.1 16
349.2 17
349.3 16
349.4 16
349.5 15
349.6 16
349.7 15
349.8 15
349.9 16
350.0 17
350.1 17
350.2 16
350.3 17
350.4 17
350.5 16
350.6 16
350.7 15
350.8 15
350.9 16
351.0 15
351.1 16
351.2 15
351.3 16
351.4 15
351.5 17
351.6 17
351.7 16
351.8 16
351.9 15
352.0 16
352.1 19
352.2 18
352.3 12
352.4 17
352.5 14
352.6 16
352.7 16
352.8 17
352.9 17
353.0 17
353.1 16
353.2 17
353.3 16
353.4 15
353.5 16
353.6 15
353.7 16
353.8 15
353.9 16
354.0 17
354.1 17
354.2 17
354.3 16
354.4 17
354.5 16
354.6 16
354.7 15
354.8 16
354.9 15
355.0 15
355.1 16
355.2 17
355.3 17
355.4 17
355.5 16
355.6 17
355.7 13
355.8 19
355.9 15
356.0 16
356.1 15
356.2 16
356.3 15
356.4 19
356.5 16
356.6 15
356.7 16
356.8 15
356.9 16
357.0 16
357.1 17
357.2 17
357.3 17
357.4 16
357.5 17
357.6 15
357.7 16
357.8 15
357.9 16
358.0 15
358.1 16
358.2 16
358.3 17
358.4 17
358.5 17
358.6 16
358.7 13
358.8 20
358.9 15
359.0 16
359.1 15
359.2 16
359.3 15
359.4 16
359.5 17
359.6 17
359.7 17
359.8 16
359.9 17
360.0 17
360.1 14
360.2 16
360.3 15
360.4 16
360.5 15
360.6 16
360.7 17
360.8 17
360.9 16
361.0 17
361.1 17
361.2 16
361.3 15
361.4 16
361.5 15
361.6 15
361.7 16
361.8 20
361.9 15
362.0 15
362.1 15
362.2 16
362.3 15
362.4 16
362.5 16
362.6 17
362.7 17
362.8 17
362.9 16
363.0 17
363.1 15
363.2 16
363.3 15
363.4 15
363.5 16
363.6 15
363.7 17
363.8 17
363.9 16
364.0 17
364.1 17
364.2 17
364.3 15
364.4 15
364.5 16
364.6 15
364.7 16
364.8 15
364.9 17
365.0 17
365.1 16
365.2 17
365.3 17
365.4 17
365.5 15
365.6 16
365.7 15
365.8 16
365.9 15
366.0 16
366.1 16
366.2 17
366.3 16
366.4 17
366.5 17
366.6 16
366.7 16
366.8 16
366.9 15
367.0 16
367.1 15
367.2 16
367.3 16
367.4 16
367.5 17
367.6 17
367.7 16
367.8 17
367.9 16
368.0 16
368.1 15
368.2 16
368.3 15
368.4 15
368.5 16
368.6 17
368.7 17
368.8 16
368.9 17
369.0 17
369.1 16
369.2 16
369.3 15
369.4 15
369.5 16
369.6 15
369.7 16
369.8 17
369.9 16
370.0 17
370.1 17
370.2 17
370.3 16
370.4 16
370.5 15
370.6 16
370.7 15
370.8 15
370.9 16
371.0 17
371.1 16
371.2 17
371.3 17
371.4 16
371.5 17
371.6 16
371.7 15
371.8 16
371.9 15
372.0 16
372.1 15
372.2 17
372.3 16
372.4 17
372.5 17
372.6 16
372.7 17
372.8 16
372.9 16
373.0 15
373.1 16
373.2 15
373.3 15
373.4 17
373.5 16
373.6 17
373.7 17
373.8 16
373.9 17
374.0 16
374.1 15
374.2 16
374.3 15
374.4 16
374.5 15
374.6 16
374.7 17
374.8 17
374.9 16
375.0 17
375.1 17
375.2 16
375.3 16
375.4 15
375.5 16
375.6 15
375.7 16
375.8 15
375.9 17
376.0 17
376.1 16
376.2 17
376.3 17
376.4 13
376.5 16
376.6 17
376.7 13
376.8 19
376.9 14
377.0 17
377.1 15
377.2 16
377.3 15
377.4 17
377.5 16
377.6 17
377.7 16
377.8 15
377.9 20
378.0 15
378.1 15
378.2 16
378.3 15
378.4 19
378.5 15
378.6 16
378.7 15
378.8 16
378.9 15
379.0 16
379.1 15
379.2 16
379.3 17
379.4 17
379.5 16
379.6 17
379.7 13
379.8 20
379.9 13
380.0 17
380.1 16
380.2 15
380.3 19
380.4 13
380.5 16
380.6 17
380.7 17
380.8 16
380.9 14
381.0 16
381.1 17
381.2 16
381.3 17
381.4 17
381.5 16
381.6 17
381.7 15
381.8 19
381.9 12
382.0 17
382.1 17
382.2 16
382.3 16
382.4 15
382.5 16
382.6 15
382.7 15
382.8 16
382.9 17
383.0 20
383.1 13
383.2 15
383.3 16
383.4 19
383.5 16
383.6 15
383.7 16
383.8 15
383.9 19
384.0 16
384.1 15
384.2 16
384.3 15
384.4 17
384.5 16
384.6 17
384.7 16
384.8 15
384.9 16
385.0 15
385.1 16
385.2 15
385.3 16
385.4 17
385.5 17
385.6 16
385.7 17
385.8 17
385.9 13
386.0 18
386.1 16
386.2 15
386.3 15
386.4 16
386.5 16
386.6 17
386.7 16
386.8 17
386.9 17
387.0 16
387.1 16
387.2 16
387.3 15
387.4 15
387.5 15
387.6 16
387.7 15
387.8 15
387.9 11
388.0 17
388.1 16
388.2 17
388.3 12
388.4 16
388.5 17
388.6 16
388.7 17
388.8 16
388.9 17
389.0 12
389.1 17
389.2 16
389.3 17
389.4 17
389.5 12
389.6 20
389.7 13
389.8 17
389.9 16
390.0 17
390.1 17
390.2 15
390.3 16
390.4 15
390.5 16
390.6 17
390.7 16
390.8 16
390.9 16
391.0 15
391.1 16
391.2 15
391.3 15
391.4 17
391.5 17
391.6 16
391.7 17
391.8 17
391.9 16
392.0 17
392.1 13
392.2 17
392.3 16
392.4 17
392.5 17
392.6 16
392.7 15
392.8 16
392.9 19
393.0 13
393.1 17
393.2 16
393.3 13
393.4 21
393.5 12
393.6 15
393.7 16
393.8 16
393.9 16
394.0 17
394.1 17
394.2 16
394.3 17
394.4 16
394.5 16
394.6 15
394.7 15
394.8 16
394.9 15
395.0 16
395.1 17
395.2 18
395.3 15
395.4 17
395.5 17
395.6 16
395.7 17
395.8 17
395.9 16
396.0 15
396.1 16
396.2 15
396.3 16
396.4 15
396.5 16
396.6 16
396.7 16
396.8 17
396.9 16
397.0 17
397.1 17
397.2 15
397.3 15
397.4 16
397.5 15
397.6 16
397.7 15
397.8 17
397.9 17
398.0 16
398.1 17
398.2 17
398.3 17
398.4 15
398.5 15
398.6 16
398.7 15
398.8 16
398.9 15
399.0 17
399.1 17
399.2 16
399.3 17
399.4 17
399.5 16
399.6 16
399.7 15
399.8 16
399.9 15
400.0 16
400.1 15
400.2 17
400.3 16
400.4 17
400.5 17
400.6 16
400.7 17
400.8 16
400.9 15
401.0 16
401.1 15
401.2 15
401.3 16
401.4 16
401.5 17
401.6 16
401.7 17
401.8 17
401.9 16
402.0 16
402.1 16
402.2 15
402.3 15
402.4 16
402.5 15
402.6 16
402.7 17
402.8 17
402.9 16
403.0 17
403.1 17
403.2 16
403.3 15
403.4 16
403.5 15
403.6 15
403.7 16
403.8 16
403.9 16
404.0 17
404.1 17
404.2 17
404.3 16
404.4 17
404.5 15
404.6 15
404.7 16
404.8 15
404.9 16
405.0 16
405.1 16
405.2 17
405.3 17
405.4 17
405.5 16
405.6 17
405.7 15
405.8 15
405.9 16
406.0 15
406.1 16
406.2 15
406.3 17
406.4 17
406.5 17
406.6 16
406.7 17
406.8 16
406.9 16
407.0 15
407.1 15
407.2 16
407.3 15
407.4 16
407.5 16
407.6 17
407.7 16
407.8 17
407.9 17
408.0 17
408.1 15
408.2 15
408.3 16
408.4 16
408.5 15
408.6 19
408.7 15
408.8 16
408.9 15
409.0 16
409.1 15
409.2 15
409.3 19
409.4 16
409.5 15
409.6 16
409.7 15
409.8 16
409.9 16
410.0 17
410.1 16
410.2 17
410.3 15
410.4 18
410.5 16
410.6 16
410.7 15
410.8 16
410.9 15
411.0 16
411.1 16
411.2 16
411.3 17
411.4 17
411.5 16
411.6 17
411.7 17
411.8 16
411.9 17
412.0 16
412.1 16
412.2 15
412.3 16
412.4 15
412.5 16
412.6 15
412.7 17
412.8 17
412.9 17
413.0 16
413.1 17
413.2 16
413.3 16
413.4 15
413.5 16
413.6 15
413.7 16
413.8 15
413.9 17
414.0 17
414.1 17
414.2 16
414.3 17
414.4 16
414.5 16
414.6 15
414.7 15
414.8 16
414.9 15
415.0 16
415.1 16
415.2 17
415.3 17
415.4 17
415.5 16
415.6 17
415.7 16
415.8 15
415.9 15
416.0 16
416.1 15
416.2 16
416.3 16
416.4 17
416.5 17
416.6 15
416.7 16
416.8 15
416.9 16
417.0 17
417.1 17
417.2 17
417.3 16
417.4 17
417.5 16
417.6 15
417.7 16
417.8 15
417.9 15
418.0 16
418.1 16
418.2 16
418.3 17
418.4 17
418.5 16
418.6 17
418.7 16
418.8 15
418.9 16
419.0 15
419.1 15
419.2 16
419.3 16
419.4 17
419.5 16
419.6 17
419.7 17
419.8 16
419.9 16
420.0 13
420.1 17
420.2 16
420.3 17
420.4 16
420.5 16
420.6 16
420.7 15
420.8 16
420.9 15
421.0 18
421.1 13
421.2 19
421.3 15
421.4 15
421.5 15
421.6 19
421.7 16
421.8 15
421.9 15
422.0 16
422.1 15
422.2 16
422.3 15
422.4 19
422.5 14
422.6 20
422.7 13
422.8 14
422.9 15
423.0 17
423.1 17
423.2 16
423.3 17
423.4 16
423.5 17
423.6 15
423.7 16
423.8 15
423.9 16
424.0 14
424.1 19
424.2 13
424.3 16
424.4 17
424.5 15
424.6 16
424.7 19
424.8 12
424.9 21
425.0 12
425.1 17
425.2 16
425.3 17
425.4 15
425.5 16
425.6 15
425.7 17
425.8 16
425.9 13
426.0 16
426.1 17
426.2 17
426.3 15
426.4 16
426.5 19
426.6 12
426.7 19
426.8 15
426.9 15
427.0 18
427.1 17
427.2 15
427.3 15
427.4 16
427.5 15
427.6 16
427.7 15
427.8 16
427.9 17
428.0 17
428.1 15
428.2 15
428.3 16
428.4 19
428.5 14
428.6 16
428.7 16
428.8 17
428.9 18
429.0 15
429.1 13
429.2 17
429.3 16
429.4 15
429.5 16
429.6 16
429.7 18
429.8 16
429.9 15
430.0 17
430.1 17
430.2 16
430.3 16
430.4 15
430.5 16
430.6 15
430.7 15
430.8 16
430.9 17
431.0 16
431.1 17
431.2 19
431.3 14
431.4 13
431.5 17
431.6 20
431.7 13
431.8 16
431.9 17
432.0 16
432.1 13
432.2 17
432.3 17
432.4 16
432.5 17
432.6 17
432.7 13
432.8 17
432.9 16
433.0 15
433.1 16
433.2 15
433.3 19
433.4 14
433.5 21
433.6 11
433.7 16
433.8 19
433.9 15
434.0 18
434.1 13
434.2 16
434.3 14
434.4 16
434.5 19
434.6 15
434.7 16
434.8 15
434.9 16
435.0 19
435.1 12
435.2 17
435.3 17
435.4 17
435.5 16
435.6 17
435.7 16
435.8 15
435.9 16
436.0 15
436.1 15
436.2 16
436.3 16
436.4 17
436.5 16
436.6 17
436.7 17
436.8 16
436.9 17
437.0 15
437.1 14
437.2 17
437.3 17
437.4 17
437.5 16
437.6 15
437.7 18
437.8 13
437.9 15
438.0 15
438.1 16
438.2 20
438.3 12
438.4 17
438.5 17
438.6 16
438.7 17
438.8 15
438.9 14
439.0 16
439.1 17
439.2 14
439.3 19
439.4 17
439.5 13
439.6 16
439.7 16
439.8 15
439.9 19
440.0 13
440.1 18
440.2 15
440.3 19
440.4 11
440.5 16
440.6 16
440.7 17
440.8 17
440.9 15
441.0 17
441.1 16
441.2 17
441.3 16
441.4 17
441.5 15
441.6 16
441.7 15
441.8 15
441.9 15
442.0 16
442.1 16
442.2 17
442.3 16
442.4 17
442.5 17
442.6 16
442.7 16
442.8 16
442.9 15
443.0 15
443.1 16
443.2 15
443.3 16
443.4 16
443.5 17
443.6 16
443.7 17
443.8 17
443.9 16
444.0 15
444.1 16
444.2 15
444.3 15
444.4 16
444.5 16
444.6 17
444.7 16
444.8 17
444.9 16
445.0 16
445.1 16
445.2 16
445.3 15
445.4 15
445.5 16
445.6 15
445.7 16
445.8 16
445.9 17
446.0 16
446.1 17
446.2 16
446.3 17
446.4 15
446.5 15
446.6 16
446.7 15
446.8 16
446.9 15
447.0 17
447.1 17
447.2 16
447.3 17
447.4 17
447.5 16
447.6 15
447.7 16
447.8 15
447.9 15
448.0 15
448.1 16
448.2 19
448.3 15
448.4 19
448.5 13
448.6 16
448.7 13
448.8 19
448.9 15
449.0 16
449.1 16
449.2 17
449.3 16
449.4 16
449.5 15
449.6 15
449.7 17
449.8 16
449.9 17
450.0 16
450.1 17
450.2 13
450.3 16
450.4 17
450.5 16
450.6 15
450.7 14
450.8 16
450.9 16
451.0 15
451.1 15
451.2 17
451.3 16
451.4 17
451.5 17
451.6 16
451.7 17
451.8 13
451.9 16
452.0 17
452.1 15
452.2 15
452.3 19
452.4 12
452.5 19
452.6 15
452.7 16
452.8 15
452.9 18
453.0 13
453.1 20
453.2 13
453.3 16
453.4 14
453.5 18
453.6 16
453.7 13
453.8 20
453.9 11
454.0 17
454.1 16
454.2 13
454.3 16
454.4 20
454.5 13
454.6 16
454.7 17
454.8 16
454.9 17
455.0 16
455.1 16
455.2 15
455.3 16
455.4 15
455.5 17
455.6 12
455.7 17
455.8 16
455.9 17
456.0 16
456.1 16
456.2 15
456.3 15
456.4 19
456.5 14
456.6 17
456.7 12
456.8 18
456.9 15
457.0 15
457.1 15
457.2 19
457.3 16
457.4 15
457.5 15
457.6 17
457.7 16
457.8 17
457.9 16
458.0 17
458.1 16
458.2 16
458.3 15
458.4 15
458.5 17
458.6 17
458.7 17
458.8 15
458.9 14
459.0 16
459.1 16
459.2 16
459.3 15
459.4 16
459.5 17
459.6 17
459.7 16
459.8 15
459.9 16
460.0 15
460.1 15
460.2 16
460.3 20
460.4 13
460.5 16
460.6 17
460.7 16
460.8 14
460.9 16
461.0 16
461.1 17
461.2 16
461.3 16
461.4 17
461.5 13
461.6 16
461.7 17
461.8 16
461.9 15
462.0 15
462.1 19
462.2 17
462.3 13
462.4 16
462.5 17
462.6 16
462.7 17
462.8 16
462.9 17
463.0 15
463.1 16
463.2 15
463.3 15
463.4 15
463.5 16
463.6 15
463.7 17
463.8 16
463.9 17
464.0 16
464.1 17
464.2 16
464.3 15
464.4 16
464.5 15
464.6 15
464.7 16
464.8 15
464.9 17
465.0 16
465.1 17
465.2 16
465.3 17
465.4 16
465.5 16
465.6 15
465.7 15
465.8 16
465.9 15
466.0 15
466.1 17
466.2 16
466.3 17
466.4 16
466.5 17
466.6 17
466.7 15
466.8 15
466.9 15
467.0 16
467.1 15
467.2 15
467.3 17
467.4 16
467.5 17
467.6 16
467.7 17
467.8 16
467.9 16
468.0 15
468.1 15
468.2 16
468.3 15
468.4 15
468.5 17
468.6 16
468.7 17
468.8 17
468.9 17
469.0 16
469.1 16
469.2 15
469.3 16
469.4 15
469.5 15
469.6 16
469.7 16
469.8 17
469.9 16
470.0 17
470.1 17
470.2 16
470.3 16
470.4 16
470.5 15
470.6 15
470.7 15
470.8 16
470.9 19
471.0 15
471.1 16
471.2 15
471.3 19
471.4 15
471.5 16
471.6 15
471.7 15
471.8 16
471.9 15
472.0 19
472.1 15
472.2 16
472.3 15
472.4 15
472.5 15
472.6 16
472.7 16
472.8 18
472.9 15
473.0 15
473.1 16
473.2 15
473.3 16
473.4 16
473.5 17
473.6 17
473.7 15
473.8 15
473.9 16
474.0 18
474.1 18
474.2 13
474.3 15
474.4 19
474.5 12
474.6 19
474.7 15
474.8 16
474.9 15
475.0 15
475.1 19
475.2 15
475.3 16
475.4 15
475.5 17
475.6 14
475.7 15
475.8 17
475.9 17
476.0 16
476.1 17
476.2 16
476.3 16
476.4 13
476.5 17
476.6 16
476.7 15
476.8 19
476.9 15
477.0 13
477.1 17
477.2 15
477.3 17
477.4 16
477.5 17
477.6 15
477.7 15
477.8 16
477.9 15
478.0 17
478.1 17
478.2 12
478.3 18
478.4 15
478.5 19
478.6 14
478.7 17
478.8 15
478.9 15
479.0 16
479.1 15
479.2 19
479.3 11
479.4 17
479.5 16
479.6 17
479.7 19
479.8 14
479.9 13
480.0 19
480.1 13
480.2 17
480.3 16
480.4 18
480.5 15
480.6 16
480.7 15
480.8 15
480.9 15
481.0 16
481.1 15
481.2 16
481.3 18
481.4 15
481.5 16
481.6 17
481.7 16
481.8 16
481.9 17
482.0 16
482.1 16
482.2 15
482.3 15
482.4 15
482.5 16
482.6 15
482.7 16
482.8 17
482.9 16
483.0 17
483.1 17
483.2 16
483.3 16
483.4 16
483.5 15
483.6 16
483.7 15
483.8 16
483.9 16
484.0 16
484.1 17
484.2 17
484.3 17
484.4 16
484.5 16
484.6 16
484.7 15
484.8 15
484.9 16
485.0 15
485.1 16
485.2 17
485.3 16
485.4 17
485.5 17
485.6 16
485.7 17
485.8 15
485.9 15
486.0 16
486.1 15
486.2 15
486.3 15
486.4 17
486.5 17
486.6 16
486.7 17
486.8 17
486.9 16
487.0 16
487.1 15
487.2 16
487.3 15
487.4 15
487.5 16
487.6 16
487.7 17
487.8 16
487.9 17
488.0 16
488.1 17
488.2 16
488.3 15
488.4 16
488.5 15
488.6 15
488.7 16
488.8 16
488.9 16
489.0 17
489.1 17
489.2 16
489.3 17
489.4 16
489.5 15
489.6 16
489.7 15
489.8 15
489.9 16
490.0 16
490.1 17
490.2 16
490.3 17
490.4 16
490.5 17
490.6 16
490.7 14
490.8 16
490.9 16
491.0 16
491.1 15
491.2 15
491.3 16
491.4 15
491.5 16
491.6 16
491.7 17
491.8 17
491.9 16
492.0 17
492.1 16
492.2 16
492.3 15
492.4 15
492.5 16
492.6 15
492.7 16
492.8 17
492.9 16
493.0 17
493.1 16
493.2 17
493.3 12
493.4 17
493.5 17
493.6 16
493.7 19
493.8 14
493.9 17
494.0 15
494.1 16
494.2 15
494.3 15
494.4 16
494.5 15
494.6 16
494.7 17
494.8 16
494.9 16
495.0 15
495.1 15
495.2 17
495.3 16
495.4 21
495.5 12
495.6 17
495.7 16
495.8 16
495.9 15
496.0 16
496.1 15
496.2 16
496.3 15
496.4 16
496.5 17
496.6 16
496.7 17
496.8 16
496.9 17
497.0 16
497.1 16
497.2 15
497.3 15
497.4 16
497.5 15
497.6 16
497.7 16
497.8 17
497.9 16
498.0 17
498.1 16
498.2 17
498.3 15
498.4 15
498.5 16
498.6 15
498.7 15
498.8 16
498.9 16
499.0 16
499.1 17
499.2 15
499.3 15
499.4 15
499.5 19
499.6 15
499.7 19
499.8 13
499.9 17
500.0 17
500.1 15
500.2 17
500.3 13
500.4 15
500.5 16
500.6 15
500.7 16
500.8 17
500.9 16
501.0 17
501.1 16
501.2 13
501.3 19
501.4 15
501.5 19
501.6 11
501.7 18
501.8 13
501.9 16
502.0 21
502.1 13
502.2 15
502.3 19
502.4 15
502.5 15
502.6 16
502.7 15
502.8 16
502.9 19
503.0 15
503.1 16
503.2 15
503.3 15
503.4 16
503.5 15
503.6 15
503.7 16
503.8 17
503.9 17
504.0 19
504.1 13
504.2 16
504.3 17
504.4 16
504.5 17
504.6 16
504.7 15
504.8 15
504.9 15
505.0 16
505.1 15
505.2 16
505.3 17
505.4 16
505.5 17
505.6 17
505.7 16
505.8 16
505.9 16
506.0 15
506.1 15
506.2 15
506.3 15
506.4 16
506.5 17
506.6 16
506.7 17
506.8 16
506.9 17
507.0 16
507.1 15
507.2 15
507.3 16
507.4 14
507.5 15
507.6 16
507.7 16
507.8 16
507.9 17
508.0 17
508.1 16
508.2 17
508.3 13
508.4 16
508.5 16
508.6 19
508.7 14
508.8 16
508.9 15
509.0 16
509.1 15
509.2 16
509.3 17
509.4 16
509.5 16
509.6 15
509.7 15
509.8 16
509.9 15
510.0 19
510.1 15
510.2 15
510.3 19
510.4 13
510.5 16
510.6 17
510.7 15
510.8 16
510.9 15
511.0 15
511.1 15
511.2 15
511.3 16
511.4 18
511.5 16
511.6 15
511.7 15
511.8 18
511.9 16
512.0 15
512.1 16
512.2 15
512.3 15
512.4 16
512.5 16
512.6 17
512.7 16
512.8 17
512.9 17
513.0 16
513.1 16
513.2 15
513.3 16
513.4 15
513.5 17
513.6 13
513.7 19
513.8 15
513.9 16
514.0 15
514.1 17
514.2 16
514.3 13
514.4 16
514.5 16
514.6 16
514.7 15
514.8 16
514.9 15
515.0 16
515.1 17
515.2 16
515.3 17
515.4 16
515.5 17
515.6 15
515.7 15
515.8 15
515.9 15
516.0 16
516.1 19
516.2 15
516.3 18
516.4 12
516.5 16
516.6 16
516.7 17
516.8 15
516.9 16
517.0 15
517.1 19
517.2 15
517.3 16
517.4 15
517.5 15
517.6 15
517.7 16
517.8 17
517.9 17
518.0 17
518.1 16
518.2 17
518.3 16
518.4 15
518.5 16
518.6 15
518.7 15
518.8 16
518.9 16
519.0 17
519.1 16
519.2 17
519.3 16
519.4 17
519.5 16
519.6 15
519.7 16
519.8 15
519.9 15
520.0 16
520.1 16
520.2 16
520.3 17
520.4 17
520.5 16
520.6 17
520.7 16
520.8 15
520.9 16
521.0 15
521.1 15
521.2 16
521.3 16
521.4 15
521.5 19
521.6 15
521.7 15
521.8 16
521.9 15
522.0 15
522.1 16
522.2 16
522.3 16
522.4 17
522.5 16
522.6 17
522.7 14
522.8 15
522.9 17
523.0 18
523.1 15
523.2 17
523.3 17
523.4 17
523.5 15
523.6 15
523.7 16
523.8 15
523.9 16
524.0 15
524.1 17
524.2 17
524.3 20
524.4 12
524.5 18
524.6 17
524.7 15
524.8 15
524.9 16
525.0 15
525.1 19
525.2 12
525.3 17
525.4 17
525.5 17
525.6 16
525.7 17
525.8 17
525.9 15
526.0 14
526.1 21
526.2 13
526.3 17
526.4 16
526.5 16
526.6 15
526.7 15
526.8 17
526.9 17
527.0 13
527.1 19
527.2 14
527.3 21
527.4 13
527.5 14
527.6 15
527.7 17
527.8 16
527.9 17
528.0 15
528.1 18
528.2 13
528.3 20
528.4 15
528.5 15
528.6 16
528.7 15
528.8 16
528.9 20
529.0 14
529.1 15
529.2 20
529.3 11
529.4 19
529.5 13
529.6 17
529.7 17
529.8 15
529.9 18
530.0 17
530.1 15
530.2 16
530.3 14
530.4 20
530.5 15
530.6 16
530.7 15
530.8 16
530.9 19
531.0 15
531.1 16
531.2 15
531.3 16
531.4 15
531.5 16
531.6 16
531.7 17
531.8 16
531.9 17
532.0 17
532.1 17
532.2 15
532.3 16
532.4 15
532.5 16
532.6 15
532.7 16
532.8 16
532.9 17
533.0 16
533.1 17
533.2 17
533.3 17
533.4 16
533.5 15
533.6 15
533.7 16
533.8 15
533.9 16
534.0 16
534.1 17
534.2 16
534.3 17
534.4 17
534.5 17
534.6 16
534.7 15
534.8 16
534.9 15
535.0 16
535.1 15
535.2 16
535.3 17
535.4 16
535.5 17
535.6 17
535.7 17
535.8 16
535.9 15
536.0 16
536.1 15
536.2 19
536.3 15
536.4 16
536.5 15
536.6 16
536.7 15
536.8 16
536.9 15
537.0 16
537.1 17
537.2 16
537.3 17
537.4 17
537.5 17
537.6 16
537.7 15
537.8 16
537.9 15
538.0 16
538.1 15
538.2 16
538.3 17
538.4 16
538.5 17
538.6 17
538.7 17
538.8 16
538.9 16
539.0 15
539.1 16
539.2 15
539.3 15
539.4 16
539.5 17
539.6 16
539.7 17
539.8 17
539.9 17
540.0 16
540.1 16
540.2 15
540.3 16
540.4 15
540.5 16
540.6 15
540.7 17
540.8 17
540.9 16
541.0 17
541.1 17
541.2 17
541.3 15
541.4 16
541.5 15
541.6 15
541.7 16
541.8 15
541.9 17
542.0 17
542.1 17
542.2 16
542.3 17
542.4 17
542.5 15
542.6 16
542.7 15
542.8 16
542.9 15
543.0 16
543.1 16
543.2 17
543.3 16
543.4 17
543.5 17
543.6 16
543.7 16
543.8 16
543.9 15
544.0 15
544.1 16
544.2 15
544.3 16
544.4 17
544.5 16
544.6 17
544.7 16
544.8 17
544.9 12
545.0 17
545.1 17
545.2 17
545.3 16
545.4 14
545.5 19
545.6 13
545.7 17
545.8 17
545.9 17
546.0 16
546.1 17
546.2 14
546.3 16
546.4 15
546.5 15
546.6 19
546.7 15
546.8 16
546.9 15
547.0 16
547.1 17
547.2 16
547.3 16
547.4 16
547.5 15
547.6 16
547.7 15
547.8 16
547.9 16
548.0 16
548.1 17
548.2 17
548.3 17
548.4 16
548.5 16
548.6 16
548.7 15
548.8 16
548.9 15
549.0 16
549.1 16
549.2 16
549.3 17
549.4 17
549.5 16
549.6 17
549.7 16
549.8 16
549.9 15
550.0 16
550.1 15
550.2 16
550.3 15
550.4 17
550.5 17
550.6 16
550.7 16
550.8 15
550.9 16
551.0 19
551.1 15
551.2 16
551.3 17
551.4 16
551.5 17
551.6 15
551.7 16
551.8 15
551.9 16
552.0 15
552.1 16
552.2 16
552.3 17
552.4 17
552.5 17
552.6 16
552.7 17
552.8 15
552.9 16
553.0 15
553.1 16
553.2 15
553.3 16
553.4 16
553.5 17
553.6 17
553.7 17
553.8 16
553.9 17
554.0 15
554.1 16
554.2 15
554.3 16
554.4 15
554.5 16
554.6 16
554.7 17
554.8 17
554.9 16
555.0 17
555.1 13
555.2 19
555.3 18
555.4 13
555.5 17
555.6 16
555.7 17
555.8 15
555.9 14
556.0 17
556.1 20
556.2 11
556.3 16
556.4 16
556.5 17
556.6 17
556.7 16
556.8 17
556.9 17
557.0 15
557.1 16
557.2 15
557.3 20
557.4 11
557.5 16
557.6 16
557.7 17
557.8 16
557.9 16
558.0 16
558.1 15
558.2 19
558.3 16
558.4 15
558.5 16
558.6 15
558.7 19
558.8 17
558.9 14
559.0 15
559.1 20
559.2 14
559.3 17
559.4 15
559.5 16
559.6 15
559.7 16
559.8 17
559.9 17
560.0 17
560.1 14
560.2 20
560.3 12
560.4 18
560.5 16
560.6 15
560.7 16
560.8 15
560.9 19
561.0 16
561.1 15
561.2 16
561.3 15
561.4 20
561.5 15
561.6 15
561.7 16
561.8 19
561.9 14
562.0 17
562.1 16
562.2 19
562.3 11
562.4 16
562.5 17
562.6 17
562.7 16
562.8 17
562.9 17
563.0 16
563.1 15
563.2 16
563.3 15
563.4 15
563.5 19
563.6 16
563.7 15
563.8 15
563.9 20
564.0 13
564.1 17
564.2 16
564.3 16
564.4 15
564.5 15
564.6 16
564.7 15
564.8 16
564.9 17
565.0 17
565.1 16
565.2 15
565.3 16
565.4 19
565.5 15
565.6 16
565.7 15
565.8 16
565.9 15
566.0 16
566.1 16
566.2 17
566.3 17
566.4 17
566.5 14
566.6 15
566.7 17
566.8 17
566.9 16
567.0 17
567.1 17
567.2 16
567.3 17
567.4 13
567.5 16
567.6 15
567.7 16
567.8 15
567.9 16
568.0 17
568.1 17
568.2 17
568.3 16
568.4 17
568.5 15
568.6 18
568.7 13
568.8 15
568.9 18
569.0 13
569.1 17
569.2 16
569.3 17
569.4 16
569.5 15
569.6 19
569.7 13
569.8 18
569.9 15
570.0 19
570.1 12
570.2 19
570.3 15
570.4 16
570.5 15
570.6 15
570.7 16
570.8 15
570.9 16
571.0 17
571.1 17
571.2 20
571.3 15
571.4 15
571.5 16
571.6 15
571.7 15
571.8 16
571.9 16
572.0 16
572.1 17
572.2 17
572.3 16
572.4 16
572.5 15
572.6 16
572.7 15
572.8 15
572.9 16
573.0 15
573.1 17
573.2 17
573.3 17
573.4 16
573.5 16
573.6 17
573.7 15
573.8 15
573.9 15
574.0 16
574.1 15
574.2 16
574.3 16
574.4 17
574.5 16
574.6 17
574.7 17
574.8 16
574.9 16
575.0 15
575.1 16
575.2 15
575.3 15
575.4 16
575.5 16
575.6 17
575.7 17
575.8 16
575.9 17
576.0 16
576.1 16
576.2 16
576.3 15
576.4 16
576.5 15
576.6 15
576.7 16
576.8 17
576.9 17
577.0 16
577.1 17
577.2 17
577.3 16
577.4 15
577.5 16
577.6 15
577.7 16
577.8 15
577.9 16
578.0 16
578.1 17
578.2 17
578.3 16
578.4 17
578.5 16
578.6 16
578.7 15
578.8 16
578.9 15
579.0 16
579.1 15
579.2 17
579.3 17
579.4 16
579.5 17
579.6 17
579.7 16
579.8 16
579.9 15
580.0 15
580.1 16
580.2 15
580.3 16
580.4 17
580.5 16
580.6 17
580.7 17
580.8 17
580.9 16
581.0 16
581.1 15
581.2 15
581.3 16
581.4 15
581.5 16
581.6 16
581.7 17
581.8 17
581.9 16
582.0 17
582.1 17
582.2 15
582.3 16
582.4 15
582.5 15
582.6 16
582.7 15
582.8 17
582.9 16
583.0 17
583.1 16
583.2 17
583.3 16
583.4 16
583.5 15
583.6 15
583.7 15
583.8 16
583.9 15
584.0 16
584.1 16
584.2 17
584.3 16
584.4 17
584.5 17
584.6 16
584.7 15
584.8 15
584.9 16
585.0 17
585.1 17
585.2 15
585.3 16
585.4 15
585.5 15
585.6 16
585.7 15
585.8 16
585.9 18
586.0 15
586.1 16
586.2 15
586.3 16
586.4 16
586.5 17
586.6 16
586.7 17
586.8 17
586.9 17
587.0 15
587.1 16
587.2 15
587.3 16
587.4 15
587.5 15
587.6 16
587.7 17
587.8 20
587.9 12
588.0 19
588.1 15
588.2 16
588.3 13
588.4 17
588.5 15
588.6 19
588.7 12
588.8 16
588.9 18
589.0 18
589.1 13
589.2 15
589.3 15
589.4 16
589.5 17
589.6 16
589.7 17
589.8 15
589.9 15
590.0 16
590.1 16
590.2 17
590.3 16
590.4 16
590.5 14
590.6 15
590.7 19
590.8 15
590.9 15
591.0 17
591.1 17
591.2 12
591.3 16
591.4 21
591.5 13
591.6 16
591.7 14
591.8 16
591.9 19
592.0 15
592.1 19
592.2 13
592.3 17
592.4 16
592.5 13
592.6 16
592.7 17
592.8 16
592.9 17
593.0 12
593.1 17
593.2 16
593.3 17
593.4 16
593.5 17
593.6 17
593.7 15
593.8 14
593.9 21
594.0 11
594.1 16
594.2 15
594.3 17
594.4 16
594.5 17
594.6 16
594.7 15
594.8 16
594.9 16
595.0 16
595.1 17
595.2 16
595.3 15
595.4 16
595.5 16
595.6 18
595.7 15
595.8 16
595.9 18
596.0 11
596.1 19
596.2 18
596.3 13
596.4 19
596.5 13
596.6 17
596.7 16
596.8 13
596.9 17
597.0 16
597.1 17
597.2 17
597.3 17
597.4 15
597.5 16
597.6 15
597.7 17
597.8 16
597.9 17
598.0 15
598.1 15
598.2 19
598.3 13
598.4 14
598.5 19
598.6 15
598.7 16
598.8 15
598.9 16
599.0 15
599.1 15
599.2 16
599.3 17
599.4 17
599.5 19
599.6 12
599.7 15
599.8 16
599.9 19
